OrderedDict({'conv1.weight': tensor([[[[-1.0210e-02,  2.2896e-02,  1.0176e-02,  1.0884e-02],
          [-1.7011e-02,  6.5327e-03, -3.4116e-02, -3.3037e-02],
          [-1.3089e-02, -2.7989e-02,  5.1506e-03,  8.2337e-03],
          [-8.6127e-03, -9.1467e-03,  4.4872e-02,  1.2736e-02]]],


        [[[-7.8674e-03, -2.7698e-02, -4.2774e-02, -3.6308e-02],
          [ 3.7680e-02, -4.4377e-02, -9.9878e-03,  1.5961e-02],
          [-2.2848e-02, -2.8230e-02, -1.2759e-02, -2.1315e-02],
          [-9.4057e-03, -5.0764e-02, -7.3424e-04, -2.8998e-02]]],


        [[[-1.8208e-02, -4.9848e-02,  1.7054e-02,  1.4639e-03],
          [-1.6156e-02, -4.0461e-03, -2.4353e-02,  2.8861e-02],
          [-9.6873e-03, -1.8065e-02,  1.7618e-03,  7.7998e-03],
          [-6.3358e-02, -5.4317e-02, -9.9613e-03, -1.9308e-02]]],


        [[[-3.5626e-02, -3.2728e-02,  1.5727e-02, -6.5423e-02],
          [ 1.1532e-02, -2.4654e-02,  6.5240e-03,  2.7258e-02],
          [-2.9258e-02,  3.5948e-03,  1.9536e-02, -7.2230e-02],
          [ 7.1417e-03, -2.7418e-02,  1.5341e-02,  5.8584e-03]]],


        [[[-2.4078e-02, -5.0133e-02, -2.6870e-02, -4.0447e-02],
          [-2.7903e-02, -2.3068e-02, -4.0360e-03, -1.0197e-02],
          [ 3.8806e-03, -3.0768e-02, -7.8819e-03,  1.5722e-02],
          [-1.7861e-02, -3.2319e-03,  1.5397e-02, -4.5352e-03]]],


        [[[ 6.0439e-03, -2.1734e-02,  1.2628e-02, -2.3742e-02],
          [ 4.3349e-02, -8.7005e-03, -1.5557e-02, -1.2197e-02],
          [-6.2455e-03,  6.6256e-03, -2.7634e-03, -7.0919e-02],
          [-5.1251e-03, -2.6520e-02,  5.9148e-02,  1.5158e-02]]],


        [[[-1.5538e-02,  1.8471e-02, -1.1473e-02,  4.1161e-02],
          [-3.9062e-04,  1.3868e-02, -2.0603e-02, -6.8682e-02],
          [ 2.0546e-03,  6.7315e-04, -1.4834e-02,  3.9905e-02],
          [-9.9927e-03,  3.5468e-03, -2.6067e-03,  5.4560e-03]]],


        [[[-5.1987e-02,  1.3728e-03, -3.3020e-02,  5.3287e-02],
          [-2.6215e-02, -1.3161e-02, -7.6880e-03, -3.2549e-02],
          [-4.4035e-02, -1.5472e-02,  3.8536e-03, -1.8854e-02],
          [ 1.4331e-02, -3.0963e-02,  1.6236e-02,  1.8385e-04]]],


        [[[ 4.0250e-02, -4.8590e-02, -1.8359e-02,  1.9326e-02],
          [-2.4715e-02, -4.2482e-02,  1.2779e-02, -4.8714e-02],
          [ 1.7145e-03, -2.6440e-02,  2.4520e-04,  2.6173e-02],
          [ 2.0961e-02, -5.9310e-03, -2.1576e-02,  5.5806e-02]]],


        [[[-6.2963e-04, -5.6950e-03, -7.4636e-03,  2.4124e-02],
          [-2.9098e-02,  1.3241e-02, -4.9943e-05, -4.2712e-02],
          [-3.1890e-02,  8.8099e-03, -6.8834e-03,  8.6104e-03],
          [ 8.9752e-03, -1.9190e-02, -4.3305e-02,  1.7875e-02]]],


        [[[ 2.6660e-02, -1.0199e-02,  1.3309e-02,  2.5412e-02],
          [ 1.4726e-02, -3.2214e-03, -1.1394e-02,  1.4208e-02],
          [ 3.1331e-02,  5.2296e-03, -1.2632e-02, -1.2976e-02],
          [-8.5907e-03, -7.4779e-03, -6.0540e-03,  9.8054e-04]]],


        [[[ 7.0272e-03,  1.3271e-02,  2.2156e-03, -3.8133e-02],
          [-2.3229e-02,  2.3831e-02, -8.3884e-03, -3.9137e-02],
          [-7.1582e-03, -8.3953e-02, -5.5494e-02,  1.4447e-02],
          [ 2.1121e-02,  2.8655e-02, -3.7546e-02,  1.7640e-02]]],


        [[[-3.4319e-02,  9.4072e-03,  2.3214e-02, -5.6885e-02],
          [ 1.3708e-02,  2.2737e-02, -1.3099e-02, -5.8178e-02],
          [-3.1385e-02, -5.0948e-02, -2.9059e-04, -3.5364e-02],
          [-2.8348e-02, -1.6493e-04,  4.3799e-02,  2.7488e-02]]],


        [[[ 1.1127e-02, -3.7327e-04, -1.4049e-02, -5.3134e-02],
          [-5.6576e-02,  6.7307e-03,  3.1044e-02, -5.4930e-02],
          [-1.7704e-03, -1.2395e-03,  2.4115e-02,  1.3428e-02],
          [ 3.3801e-03, -2.4927e-02, -3.3333e-03, -2.7818e-02]]],


        [[[-4.2389e-02, -4.4385e-02,  3.8869e-03,  3.3303e-02],
          [-2.1346e-02, -3.2771e-02, -6.0521e-03, -2.8682e-02],
          [ 3.2438e-03,  2.6748e-02, -3.1259e-02, -1.8755e-02],
          [-3.1507e-02,  4.3488e-02, -9.1281e-03, -2.2983e-02]]],


        [[[-2.7966e-03, -5.0052e-03, -3.7245e-02, -3.4725e-02],
          [-2.0513e-02,  5.3818e-02, -2.1747e-02, -1.1085e-02],
          [ 1.9874e-02, -1.4468e-02,  1.2374e-02, -8.9383e-03],
          [-1.3537e-02, -8.7340e-04, -4.0922e-02,  8.4368e-03]]],


        [[[-3.7919e-02,  2.1821e-02, -3.6313e-04, -2.5066e-02],
          [ 2.8792e-03, -3.9936e-02,  3.0052e-03,  1.9430e-02],
          [ 3.1944e-02,  1.4791e-03,  3.0792e-03, -2.0135e-02],
          [-3.2591e-02,  3.4506e-03, -2.2739e-02,  1.7913e-02]]],


        [[[-1.0852e-03,  1.6611e-02, -1.4194e-02, -2.6152e-04],
          [ 2.5123e-02, -2.4174e-02,  7.6065e-03,  2.6938e-02],
          [ 1.8615e-04, -3.2193e-02,  5.7763e-03, -3.7053e-02],
          [-2.0240e-03, -3.7186e-02,  3.5074e-03,  1.4047e-02]]],


        [[[-5.6998e-03, -5.3811e-02,  1.3368e-02, -2.8464e-02],
          [-1.9719e-02, -1.8545e-02, -5.1472e-02,  2.5576e-02],
          [ 8.2205e-03,  1.2776e-02,  9.4729e-03, -1.8635e-02],
          [-4.4483e-02,  2.6893e-02,  5.6764e-03, -2.0021e-02]]],


        [[[ 1.2244e-02, -9.4978e-03,  4.3409e-02, -2.6709e-02],
          [ 2.9735e-03, -1.0683e-02, -3.9584e-03, -3.8527e-03],
          [-2.8046e-03,  2.9161e-02, -2.3173e-02, -3.2739e-03],
          [-1.8032e-02,  2.8024e-02, -5.9274e-03, -3.1432e-02]]],


        [[[-5.3194e-02, -3.2085e-02,  1.9724e-02,  3.7789e-02],
          [ 2.8149e-02, -1.3304e-02, -1.4606e-02, -5.6146e-03],
          [-5.2457e-02, -5.9587e-02, -2.5131e-02,  2.2780e-03],
          [ 1.6841e-02, -2.7240e-02, -3.7498e-02, -2.9865e-02]]],


        [[[ 2.9378e-02,  5.0304e-04,  3.6534e-02, -6.4309e-02],
          [-2.9611e-02,  2.0332e-02,  9.1295e-03,  2.0538e-02],
          [-1.2163e-02, -9.9292e-03, -3.3128e-02, -3.7801e-03],
          [ 1.3034e-02, -6.0607e-03,  3.1130e-03,  9.1503e-03]]],


        [[[-3.9341e-02, -5.7486e-03,  1.4458e-02, -1.9417e-02],
          [-3.4030e-02, -1.9553e-02,  5.5882e-03, -2.6928e-02],
          [-4.5622e-03,  6.5744e-03,  3.6161e-02, -1.2145e-02],
          [-2.1434e-02, -5.6766e-02,  2.9536e-03, -3.2796e-02]]],


        [[[ 7.2022e-03,  1.5254e-02,  1.2638e-02,  6.6314e-03],
          [ 2.6218e-02, -2.3266e-02, -6.4310e-03,  2.4246e-02],
          [-2.1749e-02, -2.2226e-02, -4.7770e-02, -4.9074e-02],
          [-2.1322e-02, -3.3268e-03,  1.2929e-02, -3.8229e-02]]],


        [[[-2.7920e-02,  2.9104e-02,  1.0035e-02, -8.6548e-03],
          [-2.2700e-02,  2.3316e-02,  1.4932e-02,  1.3925e-02],
          [-2.8957e-02,  4.5413e-02, -2.1589e-02, -3.0286e-02],
          [-1.7281e-02, -1.5806e-02,  1.4330e-02, -2.8673e-02]]],


        [[[ 3.3521e-02, -1.7538e-02, -5.1613e-03,  5.3541e-03],
          [ 2.0748e-02,  6.9901e-03, -3.5698e-02, -9.2003e-03],
          [ 4.3760e-03,  2.5052e-02,  1.3698e-02,  2.6936e-02],
          [ 7.3531e-03,  7.7553e-03, -1.7310e-02, -1.1032e-03]]],


        [[[ 3.5574e-02, -3.0917e-02,  6.2651e-03, -9.9669e-04],
          [-4.8887e-02,  1.8438e-02,  3.0180e-02, -1.7651e-02],
          [-1.0179e-02, -1.4452e-02, -3.9973e-03, -2.4810e-02],
          [ 2.5477e-03, -2.6703e-03,  1.5086e-02, -6.9219e-03]]],


        [[[-5.7319e-02, -2.5275e-02, -3.1131e-02,  1.7013e-03],
          [-4.2773e-02, -1.6303e-02,  2.2559e-02,  4.4885e-03],
          [ 3.4076e-02,  3.6856e-03, -2.0931e-02, -1.9039e-02],
          [-2.1060e-02, -4.0983e-03,  2.6637e-02,  6.3136e-03]]],


        [[[ 3.4284e-02, -2.3279e-02, -7.0649e-02, -3.5707e-02],
          [ 8.8977e-03,  1.9519e-02,  3.8873e-03, -2.5337e-02],
          [-6.0384e-03,  2.1609e-02, -1.4408e-02, -1.8353e-02],
          [-2.9109e-02,  2.8810e-02,  3.2825e-03, -2.8452e-02]]],


        [[[-2.0369e-02, -3.5650e-02,  1.5502e-03,  9.9233e-03],
          [ 2.4182e-02,  7.4222e-03,  7.5819e-03, -1.5793e-02],
          [-2.7660e-02, -1.1110e-02, -7.8701e-03,  1.4867e-02],
          [-4.1658e-03, -3.7876e-02, -3.9871e-02, -2.9371e-02]]],


        [[[-6.6936e-03,  2.0107e-05,  1.1076e-02,  5.0883e-02],
          [-1.6614e-02,  1.1743e-02, -1.0657e-02,  1.1915e-02],
          [ 1.5971e-02, -1.5749e-02, -1.5275e-02, -7.7598e-02],
          [ 2.7976e-02, -3.0066e-02, -1.5610e-02,  4.9841e-02]]],


        [[[-2.0632e-02, -1.2699e-02,  1.7653e-02, -2.5690e-02],
          [-1.8052e-02,  1.4442e-02,  1.7724e-02, -1.7585e-02],
          [ 4.1362e-02,  2.9522e-03, -3.7779e-02, -3.1453e-02],
          [-4.2458e-02, -2.8996e-02, -1.4694e-04, -5.7018e-02]]]]), 'conv1.bias': tensor([ 0.0210,  0.0159,  0.0381, -0.0405,  0.0290, -0.0092,  0.0281, -0.0219,
        -0.0091, -0.0016, -0.0018, -0.0163,  0.0084, -0.0092,  0.0328,  0.0257,
         0.0464, -0.0149, -0.0147,  0.0241, -0.0099, -0.0317, -0.0120,  0.0180,
        -0.0232,  0.0200, -0.0123, -0.0261,  0.0092,  0.0196,  0.0382, -0.0107]), 'conv2.weight': tensor([[[[-3.1891e-03, -3.1561e-03, -5.9257e-03, -4.2093e-03],
          [-2.1836e-03,  7.9794e-03, -6.4087e-03,  3.2248e-03],
          [ 1.3143e-03,  5.1958e-05,  5.2728e-04, -4.0605e-03],
          [-1.8341e-03, -3.8482e-03,  5.6449e-03, -2.6211e-03]],

         [[-9.0629e-03,  4.0925e-03, -3.0836e-03, -2.4492e-04],
          [ 3.4482e-04,  4.1698e-04,  2.0472e-03,  1.4520e-03],
          [-5.2101e-03,  7.6586e-04,  8.3717e-04, -8.7935e-03],
          [-3.6134e-03, -5.2948e-03,  3.7019e-03, -3.6505e-03]],

         [[ 5.8315e-03, -3.1901e-03,  8.0726e-05,  1.2595e-04],
          [-3.0772e-03,  1.3141e-03, -1.8180e-04,  1.0958e-02],
          [ 4.7955e-03, -1.7950e-03,  2.5175e-03, -6.7185e-03],
          [-2.0950e-03, -2.0488e-03, -6.6984e-03, -3.0742e-03]],

         ...,

         [[ 9.1107e-04, -1.0330e-02,  1.0006e-03, -3.6739e-03],
          [ 1.3604e-03, -1.2101e-02, -4.8157e-03,  2.2459e-03],
          [-9.8296e-04, -5.9995e-03, -3.0479e-03, -1.3630e-03],
          [-6.7961e-03,  1.4649e-03, -4.4414e-03,  6.7978e-03]],

         [[ 3.2872e-03, -4.7651e-03,  9.7737e-05, -4.1654e-03],
          [-3.1764e-03, -4.9825e-03,  3.9615e-03, -3.7101e-03],
          [-5.9080e-04, -9.8030e-03, -8.0818e-05, -5.6635e-03],
          [-1.0295e-02,  8.2411e-03, -1.3537e-03, -4.0897e-03]],

         [[ 3.9383e-03, -2.8558e-03, -1.0064e-03,  4.5969e-03],
          [ 3.7284e-04, -1.5433e-03, -9.8276e-04, -2.7663e-03],
          [-2.8066e-03, -2.2145e-03, -3.7441e-03, -5.4961e-03],
          [-9.2571e-03,  2.5373e-03,  3.1448e-03,  1.9583e-03]]],


        [[[ 3.3065e-03,  5.5975e-03, -2.6407e-03,  4.1763e-03],
          [-6.0811e-05,  3.7263e-03,  1.2514e-03, -1.8314e-04],
          [ 7.8681e-03, -7.9161e-03, -1.0193e-02, -7.7950e-03],
          [ 6.6543e-03, -6.9224e-03,  1.6335e-03, -4.6884e-03]],

         [[ 1.0310e-03, -2.5908e-03, -3.8713e-03, -8.0747e-04],
          [-3.5690e-03, -1.2353e-02, -1.1429e-02, -3.2478e-03],
          [ 2.6980e-03, -2.3079e-03, -1.0502e-02, -2.0276e-03],
          [ 1.9163e-03, -4.9650e-03,  3.1014e-03,  3.3514e-04]],

         [[ 6.7449e-03, -7.0096e-03,  1.4773e-03,  4.7826e-03],
          [ 7.5702e-03, -3.4467e-03, -2.4202e-03, -1.1569e-03],
          [ 1.9367e-04, -7.5112e-03, -3.0696e-03,  1.8560e-04],
          [-2.6484e-03,  4.8488e-03, -3.7821e-03,  5.0561e-03]],

         ...,

         [[-5.5765e-04, -2.5310e-03,  5.4359e-03, -1.3654e-03],
          [ 6.2671e-03, -5.4891e-03,  8.6153e-03,  7.3245e-03],
          [-2.9088e-03,  4.7391e-03,  6.4587e-03,  1.4414e-03],
          [-7.0307e-03,  1.3903e-03, -2.2939e-03, -4.9073e-03]],

         [[-3.6026e-03, -1.3886e-03, -2.0892e-03, -8.9274e-03],
          [ 1.6616e-03,  5.4082e-03, -8.0292e-03, -3.9141e-03],
          [ 8.2157e-05, -2.0634e-03,  1.1128e-03,  2.7389e-04],
          [-2.8281e-03, -6.6287e-03,  6.8508e-03, -1.8660e-02]],

         [[-2.7763e-03,  5.0306e-03, -3.7228e-03, -6.3380e-03],
          [ 2.1667e-03,  4.1356e-03, -8.0294e-03, -7.8709e-03],
          [ 2.0796e-03, -2.2545e-03, -6.8904e-03, -1.5500e-03],
          [ 4.4597e-04, -3.4587e-03,  9.4312e-03,  4.7844e-03]]],


        [[[-1.4490e-06,  1.7876e-03, -5.8303e-03, -5.4553e-03],
          [-5.6695e-03,  2.7147e-03, -3.8939e-03,  3.9419e-03],
          [ 2.9626e-03,  2.0945e-03, -8.6913e-03, -1.3351e-02],
          [ 7.4479e-04,  9.5568e-04,  5.4463e-03, -3.2087e-03]],

         [[ 2.0677e-03, -1.0694e-03, -4.0409e-03, -6.5144e-03],
          [-8.7674e-04, -7.2519e-03, -2.6758e-04,  2.6105e-03],
          [-4.6912e-03,  1.5323e-03, -7.4111e-03, -2.2058e-03],
          [-7.8334e-03,  4.2512e-03,  5.6411e-04, -9.0968e-03]],

         [[ 6.5080e-03,  2.7540e-03, -1.6353e-03, -9.8550e-03],
          [-6.4884e-03, -1.6581e-03, -2.8131e-03, -8.3708e-03],
          [ 4.8468e-04, -3.1194e-03,  2.9694e-03,  2.3017e-03],
          [-6.9534e-03, -2.0368e-03,  2.0567e-03, -1.2835e-02]],

         ...,

         [[-1.4368e-03,  3.0194e-03, -8.8634e-03, -2.7690e-03],
          [-2.6315e-04, -6.7662e-04, -3.2750e-03,  9.2802e-03],
          [ 3.5332e-03, -5.3186e-03, -8.1063e-03,  1.7300e-03],
          [-2.0477e-03, -4.0737e-03, -5.8337e-03, -3.1975e-03]],

         [[-1.0672e-02, -8.1734e-03, -4.5600e-03, -1.2903e-03],
          [ 3.5029e-03, -4.1998e-03, -1.2303e-03, -5.3899e-04],
          [-2.6739e-03, -3.8250e-03, -4.8791e-03, -9.1819e-03],
          [-1.6039e-03, -7.5545e-03, -4.9410e-03, -2.5638e-03]],

         [[ 4.5160e-03, -2.1408e-03, -6.0619e-03, -8.4306e-03],
          [ 1.7748e-03, -2.7656e-03,  1.7093e-03, -6.4918e-03],
          [-2.4773e-03, -2.3555e-04, -6.1190e-03, -7.7798e-03],
          [-1.8334e-03, -8.0120e-04, -4.1759e-03, -2.8474e-03]]],


        ...,


        [[[-1.1112e-03, -2.7258e-03, -6.4765e-03, -9.9287e-04],
          [ 2.4105e-04, -3.3980e-03,  4.4751e-03, -5.2426e-03],
          [-2.3153e-03,  4.0476e-03, -5.5055e-03, -5.1133e-03],
          [-8.5377e-03,  3.6892e-03,  1.7994e-03, -7.8952e-03]],

         [[ 2.9976e-03,  1.7969e-03, -1.9352e-03,  3.3012e-03],
          [-3.4283e-03, -1.3505e-03,  6.5743e-03,  3.9218e-04],
          [-1.2043e-03, -3.1959e-04,  7.1478e-04,  3.3149e-03],
          [ 7.7025e-03,  7.2816e-03, -3.0226e-03,  5.1626e-03]],

         [[-2.1222e-03, -5.3980e-03, -5.0710e-03, -7.3258e-04],
          [-4.2702e-03,  5.8784e-04, -1.0299e-03,  1.1977e-03],
          [ 8.5658e-04,  1.6923e-03, -6.4080e-03,  1.2199e-03],
          [-5.9476e-03,  4.8863e-03, -3.4418e-03, -2.4376e-04]],

         ...,

         [[-6.2284e-03, -5.1521e-03, -4.0807e-03, -4.4665e-03],
          [-1.5308e-03,  5.3874e-03,  2.8890e-03, -3.7755e-03],
          [ 1.7317e-03, -1.2523e-03, -6.2768e-03,  7.2049e-03],
          [ 3.2550e-04, -7.8823e-03, -6.6240e-03,  1.1450e-03]],

         [[-2.1324e-03, -5.4184e-03,  1.2847e-03, -4.2318e-03],
          [-5.2060e-03, -8.6603e-03, -2.5133e-03, -5.6234e-03],
          [ 4.7277e-03, -6.1043e-03,  5.8947e-03, -3.6544e-03],
          [-4.1136e-03, -2.5087e-03,  5.1989e-03, -3.7459e-03]],

         [[-5.8224e-03, -5.6854e-04,  1.3475e-03,  2.4822e-03],
          [ 4.0266e-03, -7.7598e-03,  3.4816e-03, -1.9739e-03],
          [-3.7086e-03, -1.2965e-02,  1.7991e-03, -3.4292e-03],
          [ 9.5373e-05, -1.8469e-03, -4.8761e-03,  7.1187e-04]]],


        [[[-2.2860e-03, -6.2585e-03,  1.0321e-02, -3.3465e-03],
          [-1.7661e-03,  2.8850e-03, -7.1501e-04, -4.9090e-03],
          [-7.1994e-03,  1.4752e-03, -3.0679e-03,  2.6739e-03],
          [-6.6883e-04, -3.2683e-03,  4.4299e-03,  6.0377e-03]],

         [[-7.5208e-03, -3.8560e-03, -2.6379e-03,  1.6133e-03],
          [ 8.0913e-04,  3.1432e-03, -8.3557e-03, -8.5400e-03],
          [-2.7341e-03, -5.5851e-03, -6.6238e-03, -1.9454e-03],
          [ 2.2051e-03, -3.2156e-03, -5.7259e-03,  6.7284e-03]],

         [[ 3.8307e-04, -6.9295e-03,  6.1665e-04, -2.4315e-03],
          [ 5.7913e-04, -8.1162e-03,  1.3987e-03, -3.3785e-03],
          [-6.8146e-03,  6.9311e-03, -8.2326e-04, -6.1534e-03],
          [ 3.8706e-03, -2.7501e-03, -1.4419e-03, -9.2790e-04]],

         ...,

         [[-8.5809e-03,  1.8191e-03, -5.4947e-03, -3.9270e-03],
          [-2.9985e-03, -1.6274e-03, -9.1078e-03, -2.7954e-03],
          [-9.0580e-04, -9.2928e-04, -5.6591e-03, -5.0261e-03],
          [-1.7515e-03, -1.8523e-03, -2.2808e-03,  9.2194e-03]],

         [[-1.0902e-02,  1.4208e-03,  2.6646e-03, -2.0033e-04],
          [-5.6156e-03, -6.7178e-04,  3.8580e-03, -1.4104e-02],
          [-2.4162e-03,  2.9011e-04, -3.0343e-03, -4.9890e-03],
          [ 1.8996e-03,  6.9990e-03,  4.8145e-03, -2.7454e-03]],

         [[-1.2729e-03,  3.0540e-03, -3.0706e-03, -2.9109e-03],
          [-7.9052e-03, -6.8797e-03, -4.1762e-03, -3.7990e-03],
          [-1.1785e-03,  3.9504e-03, -2.8624e-03, -1.4355e-03],
          [ 3.3767e-03, -2.6325e-03, -6.1290e-03, -6.3810e-03]]],


        [[[ 3.1236e-03,  1.7401e-04, -8.3177e-03, -1.4212e-03],
          [ 1.2006e-03,  1.8150e-03, -4.1357e-04,  2.0354e-03],
          [ 4.3302e-04, -4.0342e-03,  6.1347e-04, -5.1121e-03],
          [ 3.4943e-03,  2.8568e-03, -5.0447e-03, -5.4224e-03]],

         [[ 1.1582e-02,  2.3870e-03, -1.9290e-03, -5.3392e-03],
          [-2.8555e-03,  6.4562e-04, -5.7571e-03,  2.5452e-03],
          [-9.3437e-03, -3.5102e-03,  2.8675e-03,  3.5129e-03],
          [ 3.6281e-04, -8.4181e-03,  1.5151e-03, -2.6727e-03]],

         [[ 1.7243e-03,  9.4815e-04, -2.2622e-03, -8.6328e-03],
          [-4.5169e-03, -7.7129e-03, -3.8417e-03, -1.3771e-02],
          [-4.6512e-03, -7.9642e-03,  7.7665e-03, -4.4287e-03],
          [ 7.8002e-03, -3.9476e-03, -1.1734e-03, -8.2284e-03]],

         ...,

         [[-4.1458e-03,  8.4702e-04, -1.4892e-03,  2.0183e-03],
          [-8.3548e-03, -4.1282e-04, -3.6254e-03,  1.3624e-03],
          [-5.3543e-03, -7.3110e-03,  6.3981e-03,  8.9393e-03],
          [ 3.9839e-03,  8.2426e-04, -6.7803e-03,  1.1120e-03]],

         [[-2.6268e-03,  7.9071e-04,  8.8017e-04, -1.7819e-04],
          [-9.8691e-03,  3.2550e-03, -4.2559e-04, -4.0945e-03],
          [-6.7208e-03, -3.4656e-04, -6.6797e-05, -5.4870e-03],
          [-3.8859e-03,  1.2937e-03, -5.3693e-03,  2.8883e-03]],

         [[-1.7346e-03,  3.4808e-03,  1.1872e-03, -6.0104e-03],
          [ 3.8332e-03, -1.3815e-03,  2.0019e-03, -2.9537e-04],
          [ 2.7005e-03, -7.8014e-03, -6.6525e-04, -2.6514e-03],
          [ 1.5445e-03,  1.4738e-03, -6.6500e-03,  3.6425e-03]]]]), 'conv2.bias': tensor([-2.7178e-05, -6.0488e-03, -1.5992e-03,  9.6384e-04,  1.1016e-03,
        -5.6266e-03, -6.7270e-03,  4.3830e-03,  3.9353e-03,  3.3537e-03,
        -2.5654e-03,  2.8115e-03,  1.0343e-02, -7.7820e-03,  5.3928e-03,
         2.8408e-03,  2.7540e-03,  4.1663e-03, -2.0067e-03,  1.7845e-03,
        -7.9090e-03,  6.0205e-04, -1.0790e-03,  7.5751e-04, -7.7639e-04,
        -3.3077e-03, -1.0390e-03,  2.5355e-03, -4.4273e-03,  3.7496e-03,
        -4.3415e-03, -3.5380e-03,  1.3871e-03,  4.3283e-03,  7.1887e-03,
         6.7384e-03,  7.1263e-03,  1.4248e-04,  3.6261e-03,  5.3596e-04,
        -4.6115e-03, -7.6372e-04,  5.1122e-04,  8.2303e-04,  5.9156e-03,
        -3.9586e-03,  2.3089e-03, -4.3464e-03,  1.7061e-03, -1.2594e-03,
         7.2824e-03, -3.0154e-03,  3.7557e-03, -4.6777e-03,  3.6481e-05,
         6.4222e-03, -4.5382e-03,  6.9926e-03,  3.9364e-03, -2.4864e-03,
        -4.9573e-03, -6.8045e-04, -3.9337e-03, -3.6322e-03]), 'batchNorm1.weight': tensor([1., 1., 1., 1., 1., 1., 1., 1., 1., 1., 1., 1., 1., 1., 1., 1., 1., 1.,
        1., 1., 1., 1., 1., 1., 1., 1., 1., 1., 1., 1., 1., 1.]), 'batchNorm1.bias': tensor([0., 0., 0., 0., 0., 0., 0., 0., 0., 0., 0., 0., 0., 0., 0., 0., 0., 0., 0., 0., 0., 0., 0., 0.,
        0., 0., 0., 0., 0., 0., 0., 0.]), 'batchNorm1.running_mean': tensor([0., 0., 0., 0., 0., 0., 0., 0., 0., 0., 0., 0., 0., 0., 0., 0., 0., 0., 0., 0., 0., 0., 0., 0.,
        0., 0., 0., 0., 0., 0., 0., 0.]), 'batchNorm1.running_var': tensor([1., 1., 1., 1., 1., 1., 1., 1., 1., 1., 1., 1., 1., 1., 1., 1., 1., 1.,
        1., 1., 1., 1., 1., 1., 1., 1., 1., 1., 1., 1., 1., 1.]), 'batchNorm1.num_batches_tracked': tensor(0), 'batchNorm2.weight': tensor([1., 1., 1., 1., 1., 1., 1., 1., 1., 1., 1., 1., 1., 1., 1., 1., 1., 1.,
        1., 1., 1., 1., 1., 1., 1., 1., 1., 1., 1., 1., 1., 1., 1., 1., 1., 1.,
        1., 1., 1., 1., 1., 1., 1., 1., 1., 1., 1., 1., 1., 1., 1., 1., 1., 1.,
        1., 1., 1., 1., 1., 1., 1., 1., 1., 1.]), 'batchNorm2.bias': tensor([0., 0., 0., 0., 0., 0., 0., 0., 0., 0., 0., 0., 0., 0., 0., 0., 0., 0., 0., 0., 0., 0., 0., 0.,
        0., 0., 0., 0., 0., 0., 0., 0., 0., 0., 0., 0., 0., 0., 0., 0., 0., 0., 0., 0., 0., 0., 0., 0.,
        0., 0., 0., 0., 0., 0., 0., 0., 0., 0., 0., 0., 0., 0., 0., 0.]), 'batchNorm2.running_mean': tensor([0., 0., 0., 0., 0., 0., 0., 0., 0., 0., 0., 0., 0., 0., 0., 0., 0., 0., 0., 0., 0., 0., 0., 0.,
        0., 0., 0., 0., 0., 0., 0., 0., 0., 0., 0., 0., 0., 0., 0., 0., 0., 0., 0., 0., 0., 0., 0., 0.,
        0., 0., 0., 0., 0., 0., 0., 0., 0., 0., 0., 0., 0., 0., 0., 0.]), 'batchNorm2.running_var': tensor([1., 1., 1., 1., 1., 1., 1., 1., 1., 1., 1., 1., 1., 1., 1., 1., 1., 1.,
        1., 1., 1., 1., 1., 1., 1., 1., 1., 1., 1., 1., 1., 1., 1., 1., 1., 1.,
        1., 1., 1., 1., 1., 1., 1., 1., 1., 1., 1., 1., 1., 1., 1., 1., 1., 1.,
        1., 1., 1., 1., 1., 1., 1., 1., 1., 1.]), 'batchNorm2.num_batches_tracked': tensor(0), 'fc1.weight': tensor([[-2.6121e-04, -5.1228e-04,  1.8652e-04,  ..., -1.1974e-04,
         -1.8101e-04, -2.1438e-07],
        [ 4.6762e-04, -4.0632e-04, -4.5977e-05,  ...,  8.4458e-05,
         -7.6960e-04,  2.9490e-04],
        [ 6.5852e-05,  9.5902e-05,  4.6868e-04,  ...,  2.2947e-04,
         -9.0164e-04, -4.1952e-04],
        ...,
        [-6.9136e-05, -1.0160e-03, -4.8178e-04,  ..., -2.7580e-04,
         -4.4391e-04,  1.3200e-03],
        [-1.6450e-04, -1.1356e-04, -3.0001e-04,  ...,  6.3596e-04,
         -4.9264e-04, -7.5997e-06],
        [ 1.1241e-04, -2.7414e-04, -3.5244e-05,  ...,  1.7650e-04,
         -2.8126e-04,  4.1546e-04]]), 'fc1.bias': tensor([ 8.4667e-05, -2.9702e-04,  2.1381e-04,  6.5558e-04, -3.4753e-04,
         1.4375e-05, -3.5637e-04, -3.6688e-04,  7.2244e-04, -1.4242e-04,
         2.3190e-04,  2.1082e-04,  3.5713e-04, -1.9475e-04,  9.4818e-04,
        -6.8026e-04,  2.9123e-04,  1.1427e-03, -6.3241e-04, -1.9363e-05,
         1.0120e-04, -4.9322e-04, -1.1425e-04, -6.9261e-04,  2.8117e-04,
        -1.2961e-05, -3.9911e-04,  2.2847e-04, -4.2617e-04, -1.6031e-05,
         3.0082e-04, -5.4305e-04,  3.9569e-04,  2.2391e-04,  6.8754e-04,
        -3.4065e-04,  3.4831e-05, -4.8413e-04, -4.8841e-04,  2.5257e-04,
        -8.0689e-05,  2.9418e-04, -2.3302e-04, -1.3850e-04,  4.6565e-04,
         3.7093e-04, -2.8867e-04,  2.4030e-04,  2.0618e-04,  5.0454e-04,
        -5.5619e-04,  4.7247e-04,  5.7702e-05, -1.6063e-04,  7.5090e-04,
        -5.0960e-04, -5.4247e-04,  6.9380e-05, -6.4003e-04,  3.8420e-04,
        -6.7060e-04,  3.8535e-04, -2.1275e-04,  4.1948e-04, -6.5889e-05,
         9.8485e-05,  2.6943e-04,  5.7051e-04,  1.6941e-04, -5.0963e-06,
        -5.9346e-04, -1.3908e-04,  6.1293e-04,  2.5877e-04,  2.3137e-04,
         5.4009e-06,  1.7660e-04,  4.0973e-04, -4.2996e-04,  4.8272e-04,
         2.4886e-04, -3.7870e-04, -3.2677e-04,  1.5207e-04, -3.9249e-04,
        -6.4319e-04,  9.0430e-04, -2.6121e-04,  9.5763e-05, -6.3011e-04,
        -3.1656e-04,  2.8173e-04,  3.5481e-04, -6.1791e-04,  7.7983e-04,
         2.7997e-05,  2.3617e-04, -6.2512e-06,  5.9783e-04,  4.1817e-04,
        -6.2537e-04,  1.1256e-04,  6.3081e-04,  7.3391e-04, -4.9733e-04,
        -1.1489e-04, -6.6747e-05, -2.0059e-04,  2.4118e-04,  6.2957e-04,
         1.5574e-04, -3.1993e-04, -3.9361e-05,  1.4735e-04,  2.1922e-04,
         2.5402e-04,  3.5527e-04, -8.6255e-04,  4.0763e-04, -2.6850e-04,
         5.8466e-04,  3.1915e-04,  2.1152e-04, -1.8996e-04, -6.3559e-05,
        -9.5017e-05,  3.8119e-04,  7.6790e-04,  4.8159e-05,  7.4003e-04,
        -1.6242e-04,  6.3923e-04,  1.9578e-04, -8.3013e-05,  1.3437e-04,
        -2.3343e-04, -3.9813e-04, -1.8280e-04, -1.9032e-04, -3.0883e-04,
        -2.9603e-04,  3.2288e-04,  5.0547e-05,  5.3854e-04, -4.9912e-04,
        -6.4287e-04,  4.0553e-04,  1.0053e-04, -2.9165e-04, -2.6148e-05,
         2.4689e-04,  3.1942e-04,  1.6718e-04,  4.7867e-05,  4.6975e-04,
         2.3385e-05, -4.0016e-04,  4.2645e-04, -1.0102e-04, -1.3791e-04,
        -5.5754e-05, -3.1818e-05,  4.8716e-04, -2.0008e-04, -7.0646e-05,
        -1.7588e-05, -4.5372e-04,  6.2859e-05, -8.7778e-05,  1.9437e-04,
         2.5258e-04, -1.8691e-05,  3.8232e-04, -1.7619e-04,  9.2659e-06,
         2.0930e-04, -3.1276e-04,  4.9890e-04,  4.0349e-04,  2.1136e-04,
        -7.7334e-05,  2.6535e-04,  9.7409e-05,  2.8019e-04,  2.5135e-04,
         2.4974e-04, -3.3861e-04,  1.2553e-04,  5.5900e-04, -3.0613e-04,
        -6.5674e-04, -1.5602e-04, -1.8092e-04, -3.7470e-04, -2.1965e-04,
         3.3773e-04, -5.0873e-04, -4.7889e-04,  5.4692e-04, -8.9223e-04,
        -4.4007e-04,  3.8318e-05,  2.2438e-04, -5.6529e-04, -4.9652e-04,
         5.5021e-05,  9.2469e-05, -6.7973e-04, -8.2242e-04, -2.9761e-04,
         1.3451e-04, -1.7355e-05,  3.4881e-04, -2.9725e-04, -4.8728e-04,
         1.6928e-04, -1.6937e-04, -6.1509e-04,  3.6052e-04,  1.7174e-04,
         1.7074e-04,  5.9745e-04, -2.8058e-04, -3.7092e-04,  7.8211e-04,
         3.0525e-04, -1.3379e-04, -2.4489e-04, -1.9850e-04, -4.7305e-04,
         6.0336e-04,  2.3450e-04,  3.1465e-04, -2.3025e-04,  7.1260e-04,
        -3.0326e-04, -5.4004e-05, -5.9810e-04,  2.1906e-05, -3.2431e-04,
        -3.9873e-04,  3.5262e-05,  6.6729e-06, -1.0783e-04,  5.3400e-04,
        -4.8246e-04, -6.5257e-04,  3.1398e-04, -1.4293e-04,  4.2569e-04,
         7.3415e-04,  5.2465e-04, -2.7574e-04,  4.5586e-04, -7.0848e-04,
         3.3591e-04, -1.7409e-05, -4.2298e-04,  1.7585e-04,  7.0533e-04,
        -3.5314e-05, -2.9292e-04, -4.6005e-04, -1.5260e-04,  1.9623e-05,
         5.0350e-04,  4.3808e-05, -5.4374e-05, -1.6307e-04, -2.4086e-04,
        -3.3759e-05, -4.1828e-04, -2.9842e-04,  2.3349e-04,  1.9219e-04,
         1.9567e-05, -7.1810e-04,  6.3703e-05, -5.6418e-04, -4.0427e-04,
        -6.5240e-04, -4.1836e-04,  5.6421e-05, -6.0708e-04,  9.9487e-04,
         4.8176e-05, -1.1688e-04,  1.2983e-04, -3.7482e-04, -5.5485e-04,
         2.8871e-04, -1.3626e-04, -4.0549e-04, -1.6097e-04,  2.9296e-04,
        -6.8044e-05,  4.6349e-04,  5.0125e-04,  1.4034e-04,  2.1360e-04,
        -2.9244e-04, -5.8856e-04,  4.5660e-05,  1.3983e-04,  6.1531e-04,
         4.8268e-04,  1.4932e-04, -2.9801e-04, -4.7461e-05,  2.6765e-04,
         2.7385e-04, -3.7159e-04, -3.4832e-05,  2.3739e-04,  3.7153e-04,
        -9.6799e-05, -4.0064e-04,  2.3071e-04,  4.7063e-04, -2.3626e-04,
         5.0932e-07,  4.5367e-04, -2.7803e-04, -2.8963e-04, -1.4580e-04,
         4.6839e-04, -1.1899e-04,  2.7940e-05, -6.6954e-04, -3.4225e-04,
        -1.3808e-04,  6.0839e-04, -1.3516e-04, -3.1240e-04, -7.3486e-04,
        -2.1587e-04,  2.7850e-04, -7.2578e-05,  4.3133e-05,  3.5067e-04,
        -3.0373e-04,  1.3612e-04,  6.5642e-04,  1.6709e-04, -3.4073e-04,
        -8.6634e-05, -9.3733e-04, -7.1913e-04,  2.0972e-04, -3.6187e-04,
         4.6247e-05,  5.1395e-04, -9.9049e-04,  2.3822e-04,  2.0107e-04,
        -4.4129e-04,  5.1353e-04,  7.0399e-04, -4.4895e-04, -1.9921e-04,
         4.3765e-04, -1.4394e-04,  2.0720e-04, -9.2428e-05,  4.9256e-04,
         1.0394e-04,  6.5656e-04,  4.8284e-05, -1.7686e-05, -4.2348e-04,
        -5.3311e-04, -5.8208e-04, -2.4223e-04,  3.2563e-04,  3.5061e-04,
        -4.6869e-05,  2.4235e-04, -5.4718e-04, -4.3301e-04,  4.4306e-05,
         5.9172e-04,  4.6137e-04,  3.4824e-05,  1.5690e-05,  6.0216e-04,
         5.6240e-05, -1.6532e-04,  2.4497e-04, -3.4216e-06,  4.0814e-04,
         3.1399e-04,  9.2175e-05, -3.7279e-04,  5.1299e-04, -7.3598e-04,
         4.0402e-04,  2.3001e-04, -6.4521e-05, -5.6015e-05,  5.0511e-04,
        -2.6606e-04,  2.8178e-04, -2.7308e-05,  3.9944e-04,  5.1488e-04,
         3.2061e-05,  1.7491e-04,  1.3378e-05,  1.9520e-04, -1.0998e-04,
         5.1441e-04,  5.1055e-04,  6.6537e-05, -2.9296e-04,  5.1311e-04,
        -4.4805e-05,  9.6367e-05,  5.8095e-05, -7.4606e-04,  6.5546e-04,
        -7.4509e-04,  3.3485e-04,  6.7440e-04, -2.2993e-04, -9.8837e-05,
         5.3345e-04,  6.3760e-04,  3.3579e-04, -1.0068e-04,  8.1499e-04,
        -3.9940e-04, -1.0179e-04, -1.1653e-04, -9.4456e-04, -6.2274e-04,
        -6.9125e-04,  3.9790e-04, -3.1019e-04, -1.6105e-05, -1.3161e-04,
         6.1015e-04,  3.8709e-04,  3.9991e-04,  6.6390e-05, -1.4441e-04,
        -9.1438e-05, -9.7746e-04, -4.8267e-04,  9.4563e-04,  1.0294e-03,
        -2.7449e-04,  3.6416e-04, -1.3759e-04, -1.9968e-04,  2.9412e-04,
         1.3061e-04, -1.6294e-04, -4.3887e-05, -4.4640e-05, -4.4439e-04,
        -1.1966e-04, -5.9072e-04, -3.9946e-04, -3.0007e-04, -3.2137e-04,
         2.5791e-04, -8.5317e-04, -1.1002e-03,  1.4451e-04,  6.1017e-05,
        -6.8017e-04,  5.6805e-05, -3.1891e-04,  1.0319e-04,  3.3790e-04,
         4.8637e-04,  5.0461e-04, -3.9863e-05, -1.7094e-04, -1.2124e-04,
        -1.2268e-04, -6.0981e-04,  1.4821e-04, -4.1967e-04, -3.7487e-04,
         1.3074e-04,  7.9497e-05,  3.4617e-04,  5.6304e-04, -3.3295e-04,
         7.0212e-04,  1.8826e-04, -1.4485e-04,  1.8538e-04,  2.0449e-04,
        -9.1898e-05, -2.0296e-04,  2.1321e-04, -1.6776e-04,  2.7675e-04,
        -2.0396e-04, -1.4037e-04, -2.8239e-04,  2.3266e-04,  6.3942e-05,
        -2.3539e-04,  7.9294e-04,  1.5642e-04,  1.0120e-04,  1.0194e-03,
        -1.2385e-04,  7.3355e-04]), 'fc2.weight': tensor([[-0.0004, -0.0009, -0.0055,  ..., -0.0009,  0.0020, -0.0029],
        [ 0.0061, -0.0028,  0.0036,  ..., -0.0025, -0.0046, -0.0073],
        [ 0.0007, -0.0082, -0.0099,  ..., -0.0044,  0.0006, -0.0020],
        ...,
        [-0.0035,  0.0005,  0.0024,  ..., -0.0006, -0.0023,  0.0099],
        [-0.0034, -0.0008, -0.0093,  ..., -0.0022, -0.0074, -0.0006],
        [-0.0059, -0.0015, -0.0028,  ...,  0.0055, -0.0044,  0.0061]]), 'fc2.bias': tensor([ 3.0272e-03, -5.1745e-03, -3.9683e-03,  1.5627e-03,  1.8059e-03,
         2.5601e-03, -2.0694e-03,  1.5865e-03,  6.9981e-03, -9.6844e-04,
        -3.2190e-04,  5.9359e-03, -1.0395e-02, -1.8042e-03, -1.0071e-03,
         9.3427e-04,  1.7100e-03, -2.6582e-03,  1.4511e-03, -9.4826e-03,
        -2.9097e-03,  6.1665e-03,  2.0015e-03, -4.7726e-03, -1.4526e-03,
        -1.0429e-03, -1.0190e-03,  1.7716e-03,  2.3018e-03,  3.3660e-03,
         2.3623e-03, -1.1312e-02,  5.1026e-04, -6.4903e-04, -3.4093e-03,
        -3.8010e-03,  4.1796e-03,  1.6746e-03, -6.0849e-04, -1.8418e-03,
         5.0155e-04,  1.2266e-03, -3.0538e-03, -4.4357e-03,  2.4125e-03,
         1.0165e-02, -1.0508e-03,  6.6397e-04,  3.1850e-03, -4.2599e-03,
         2.3659e-03, -1.1597e-03, -9.7515e-03,  4.8673e-03, -4.5135e-03,
        -3.1550e-04, -1.1705e-03, -8.7275e-03, -1.8791e-03,  1.6780e-03,
        -4.0949e-03,  3.9692e-03,  4.6613e-03, -1.5145e-03,  3.1379e-03,
        -1.3154e-03,  3.8628e-03,  4.4703e-03, -2.5739e-03,  1.0677e-03,
        -5.7025e-04,  8.2119e-03,  1.3228e-03,  3.1853e-03,  5.4520e-03,
         3.5114e-03, -6.0348e-04, -4.0675e-04,  5.7323e-03,  6.2409e-04,
        -3.0548e-03,  4.5430e-04,  9.8889e-04, -4.2357e-03,  8.1664e-03,
         6.3935e-03, -2.2906e-03,  2.4869e-03, -2.2896e-03, -4.5557e-03,
         6.8305e-03, -9.2288e-03,  1.0647e-02, -5.7754e-03, -4.1529e-03,
        -4.4761e-03,  1.9574e-03,  2.1024e-03,  3.2198e-03, -6.8499e-04,
        -1.9480e-03, -3.4026e-03,  1.8908e-03, -8.0763e-03, -6.0053e-03,
        -1.8863e-03, -2.4757e-03, -7.2370e-04, -1.1491e-03, -3.8324e-03,
        -2.6752e-03,  7.2624e-04, -3.2734e-03, -5.9611e-03, -1.3848e-02,
         1.0278e-02,  4.0051e-03,  5.7255e-03,  1.3014e-02,  2.8820e-03,
         5.2216e-03, -4.2209e-03,  4.4548e-04,  4.9919e-03,  1.2919e-03,
        -2.9674e-03,  2.8406e-03, -2.2790e-03,  7.3418e-03, -2.3585e-03,
        -4.5030e-03, -2.9703e-03, -4.5498e-03,  2.7184e-03,  2.5475e-03,
         1.6504e-03,  2.1049e-03, -1.8560e-03,  1.1720e-03,  8.8906e-03,
         4.4217e-03,  3.7560e-04,  8.4584e-03, -8.5659e-03,  1.6109e-03,
        -2.1844e-03,  2.6406e-03, -5.3212e-04,  7.0823e-04, -1.0476e-03,
        -8.5748e-03, -8.0311e-04,  8.7726e-04,  1.8957e-03, -3.2701e-03,
         1.0447e-04,  1.5454e-03,  1.3245e-03, -6.6483e-03, -4.7086e-03,
         4.3674e-03,  3.8295e-03,  1.0681e-02, -7.7892e-03,  2.4868e-03,
        -7.8200e-04,  8.3833e-03, -4.8419e-03, -9.5292e-04, -3.1375e-03,
        -4.9775e-03,  1.6371e-03,  8.1457e-04, -6.4268e-03,  4.7079e-03,
        -6.5604e-03,  8.9066e-03, -2.8635e-03,  3.5723e-03,  2.6883e-03,
         2.7047e-03, -2.7195e-03, -1.8623e-03,  7.8380e-04,  1.7292e-03,
         3.3645e-03, -3.4701e-03,  1.5606e-03, -2.6462e-03, -8.4881e-05,
        -3.1572e-03, -1.4190e-03, -4.7444e-04, -3.2309e-03,  1.9964e-03,
        -3.3592e-03, -1.6842e-03, -3.3755e-03,  9.5469e-03,  1.3222e-03,
         2.1531e-04, -3.9567e-03, -2.6546e-03, -9.1750e-03,  2.6733e-03,
        -3.3326e-04,  2.8036e-03, -2.9831e-03, -3.8764e-04,  3.5608e-03,
        -2.2598e-03,  2.1346e-03,  4.1013e-03,  4.6352e-03, -5.0540e-04,
         1.3641e-03, -8.4670e-04,  2.6346e-03, -2.2159e-03,  4.9685e-03,
        -2.1135e-04, -1.9647e-05, -3.3447e-03,  6.1066e-04,  2.3679e-03,
         3.2976e-03,  3.7062e-03,  1.3777e-03, -3.3424e-04,  5.9533e-03,
         3.0245e-03, -3.7309e-03,  3.2670e-03,  1.0930e-02,  1.1665e-03,
        -1.3769e-03, -3.6823e-03, -3.3693e-03,  2.3066e-03,  5.9006e-03,
        -4.3320e-03, -7.6017e-03, -2.9027e-03, -4.2863e-05,  7.9188e-03,
         9.8032e-04,  3.6775e-03, -3.7054e-03,  4.8312e-03,  9.4101e-03,
        -6.9222e-03, -1.1363e-03, -2.0502e-03,  2.4853e-03, -1.1387e-03,
         6.6088e-03]), 'fc3.weight': tensor([[-2.0433e-03, -9.7173e-03, -1.4622e-02,  ..., -4.9823e-03,
         -5.1699e-03,  1.6065e-03],
        [ 7.9821e-03, -1.3743e-02, -1.1001e-03,  ..., -2.0091e-03,
         -1.7246e-03,  5.3698e-03],
        [ 1.9981e-02, -4.2401e-03, -3.9444e-03,  ...,  1.1312e-02,
         -1.1797e-03, -1.7718e-02],
        ...,
        [ 3.3444e-03,  3.4647e-03, -7.6154e-03,  ...,  1.0260e-02,
          2.5781e-02,  1.0987e-02],
        [-7.0550e-03,  7.8216e-03, -1.3833e-02,  ...,  1.3239e-02,
          1.3370e-02,  1.8835e-02],
        [ 1.0137e-06,  8.0516e-03,  1.1928e-02,  ...,  1.1017e-02,
          2.3316e-02,  1.8353e-02]]), 'fc3.bias': tensor([ 9.9334e-03, -7.9681e-03,  7.4014e-03, -3.8871e-03,  1.9245e-03,
        -4.6821e-03,  5.1025e-03, -1.4968e-02, -2.0743e-03,  2.7487e-03,
         7.2666e-04, -5.5246e-03,  2.3098e-02, -7.0093e-03,  6.2486e-03,
        -5.9604e-04, -1.2084e-02, -4.8402e-03,  2.6466e-03,  2.1683e-03,
         8.3572e-03,  5.8892e-03, -3.1490e-03,  1.7913e-03, -7.0904e-04,
         1.8749e-03, -5.6565e-03,  8.5078e-03, -5.4347e-05,  9.5657e-03,
        -3.4881e-04, -3.3322e-03, -2.4629e-03,  9.6914e-03, -6.4608e-03,
         2.8404e-03,  1.2499e-03,  7.5491e-03,  2.2532e-04,  1.4142e-03,
        -4.1624e-03,  2.1987e-03,  2.1183e-03,  3.1442e-03, -9.4227e-04,
        -1.0577e-02, -6.2001e-03, -1.2582e-02, -7.2990e-04, -4.2573e-03,
        -8.1848e-03, -5.0017e-03,  1.0112e-03, -1.7971e-03,  9.0117e-04,
         4.4235e-03, -3.2633e-03,  6.8984e-03, -2.8350e-03,  2.2711e-03,
         5.8448e-03, -2.1290e-03,  1.3414e-03,  8.3229e-04,  4.2862e-03,
        -3.3068e-03, -6.4360e-04,  2.6857e-03, -5.3135e-03, -7.9401e-04,
         2.2364e-03, -4.9212e-03, -7.6469e-03, -4.7404e-05, -1.9678e-03,
         1.0553e-02, -7.5423e-03,  6.5728e-03,  1.4656e-03,  3.2925e-03,
        -1.1884e-02, -3.7983e-04, -5.6306e-04, -1.5063e-02, -2.0135e-03,
         3.1843e-03,  1.7760e-03,  4.0301e-03,  4.9753e-03, -4.2838e-03,
         8.7962e-04, -2.1134e-03, -1.7558e-03, -6.1808e-03, -1.0885e-02,
        -2.1277e-03,  9.5692e-04, -6.1757e-03,  8.6052e-03, -1.1540e-03,
        -1.7955e-02,  1.1170e-02,  1.2776e-03,  2.5873e-04,  2.0274e-03,
         6.6906e-03, -2.5064e-03, -1.5700e-03,  9.2726e-03, -1.8338e-03,
         1.1194e-02, -4.9292e-03, -3.9580e-03, -3.4699e-03,  4.0974e-03,
         7.7942e-03,  1.6942e-03, -3.3044e-03,  6.9449e-03, -3.8852e-03,
        -4.9719e-03,  1.4713e-02,  5.4491e-04,  7.3748e-04, -1.4169e-03,
         9.8936e-03,  5.2134e-03,  1.5797e-02]), 'batchNorm3.weight': tensor([1., 1., 1., 1., 1., 1., 1., 1., 1., 1., 1., 1., 1., 1., 1., 1., 1., 1.,
        1., 1., 1., 1., 1., 1., 1., 1., 1., 1., 1., 1., 1., 1., 1., 1., 1., 1.,
        1., 1., 1., 1., 1., 1., 1., 1., 1., 1., 1., 1., 1., 1., 1., 1., 1., 1.,
        1., 1., 1., 1., 1., 1., 1., 1., 1., 1., 1., 1., 1., 1., 1., 1., 1., 1.,
        1., 1., 1., 1., 1., 1., 1., 1., 1., 1., 1., 1., 1., 1., 1., 1., 1., 1.,
        1., 1., 1., 1., 1., 1., 1., 1., 1., 1., 1., 1., 1., 1., 1., 1., 1., 1.,
        1., 1., 1., 1., 1., 1., 1., 1., 1., 1., 1., 1., 1., 1., 1., 1., 1., 1.,
        1., 1., 1., 1., 1., 1., 1., 1., 1., 1., 1., 1., 1., 1., 1., 1., 1., 1.,
        1., 1., 1., 1., 1., 1., 1., 1., 1., 1., 1., 1., 1., 1., 1., 1., 1., 1.,
        1., 1., 1., 1., 1., 1., 1., 1., 1., 1., 1., 1., 1., 1., 1., 1., 1., 1.,
        1., 1., 1., 1., 1., 1., 1., 1., 1., 1., 1., 1., 1., 1., 1., 1., 1., 1.,
        1., 1., 1., 1., 1., 1., 1., 1., 1., 1., 1., 1., 1., 1., 1., 1., 1., 1.,
        1., 1., 1., 1., 1., 1., 1., 1., 1., 1., 1., 1., 1., 1., 1., 1., 1., 1.,
        1., 1., 1., 1., 1., 1., 1., 1., 1., 1., 1., 1., 1., 1., 1., 1., 1., 1.,
        1., 1., 1., 1., 1., 1., 1., 1., 1., 1., 1., 1., 1., 1., 1., 1., 1., 1.,
        1., 1., 1., 1., 1., 1., 1., 1., 1., 1., 1., 1., 1., 1., 1., 1., 1., 1.,
        1., 1., 1., 1., 1., 1., 1., 1., 1., 1., 1., 1., 1., 1., 1., 1., 1., 1.,
        1., 1., 1., 1., 1., 1., 1., 1., 1., 1., 1., 1., 1., 1., 1., 1., 1., 1.,
        1., 1., 1., 1., 1., 1., 1., 1., 1., 1., 1., 1., 1., 1., 1., 1., 1., 1.,
        1., 1., 1., 1., 1., 1., 1., 1., 1., 1., 1., 1., 1., 1., 1., 1., 1., 1.,
        1., 1., 1., 1., 1., 1., 1., 1., 1., 1., 1., 1., 1., 1., 1., 1., 1., 1.,
        1., 1., 1., 1., 1., 1., 1., 1., 1., 1., 1., 1., 1., 1., 1., 1., 1., 1.,
        1., 1., 1., 1., 1., 1., 1., 1., 1., 1., 1., 1., 1., 1., 1., 1., 1., 1.,
        1., 1., 1., 1., 1., 1., 1., 1., 1., 1., 1., 1., 1., 1., 1., 1., 1., 1.,
        1., 1., 1., 1., 1., 1., 1., 1., 1., 1., 1., 1., 1., 1., 1., 1., 1., 1.,
        1., 1., 1., 1., 1., 1., 1., 1., 1., 1., 1., 1., 1., 1., 1., 1., 1., 1.,
        1., 1., 1., 1., 1., 1., 1., 1., 1., 1., 1., 1., 1., 1., 1., 1., 1., 1.,
        1., 1., 1., 1., 1., 1., 1., 1., 1., 1., 1., 1., 1., 1., 1., 1., 1., 1.,
        1., 1., 1., 1., 1., 1., 1., 1.]), 'batchNorm3.bias': tensor([0., 0., 0., 0., 0., 0., 0., 0., 0., 0., 0., 0., 0., 0., 0., 0., 0., 0., 0., 0., 0., 0., 0., 0.,
        0., 0., 0., 0., 0., 0., 0., 0., 0., 0., 0., 0., 0., 0., 0., 0., 0., 0., 0., 0., 0., 0., 0., 0.,
        0., 0., 0., 0., 0., 0., 0., 0., 0., 0., 0., 0., 0., 0., 0., 0., 0., 0., 0., 0., 0., 0., 0., 0.,
        0., 0., 0., 0., 0., 0., 0., 0., 0., 0., 0., 0., 0., 0., 0., 0., 0., 0., 0., 0., 0., 0., 0., 0.,
        0., 0., 0., 0., 0., 0., 0., 0., 0., 0., 0., 0., 0., 0., 0., 0., 0., 0., 0., 0., 0., 0., 0., 0.,
        0., 0., 0., 0., 0., 0., 0., 0., 0., 0., 0., 0., 0., 0., 0., 0., 0., 0., 0., 0., 0., 0., 0., 0.,
        0., 0., 0., 0., 0., 0., 0., 0., 0., 0., 0., 0., 0., 0., 0., 0., 0., 0., 0., 0., 0., 0., 0., 0.,
        0., 0., 0., 0., 0., 0., 0., 0., 0., 0., 0., 0., 0., 0., 0., 0., 0., 0., 0., 0., 0., 0., 0., 0.,
        0., 0., 0., 0., 0., 0., 0., 0., 0., 0., 0., 0., 0., 0., 0., 0., 0., 0., 0., 0., 0., 0., 0., 0.,
        0., 0., 0., 0., 0., 0., 0., 0., 0., 0., 0., 0., 0., 0., 0., 0., 0., 0., 0., 0., 0., 0., 0., 0.,
        0., 0., 0., 0., 0., 0., 0., 0., 0., 0., 0., 0., 0., 0., 0., 0., 0., 0., 0., 0., 0., 0., 0., 0.,
        0., 0., 0., 0., 0., 0., 0., 0., 0., 0., 0., 0., 0., 0., 0., 0., 0., 0., 0., 0., 0., 0., 0., 0.,
        0., 0., 0., 0., 0., 0., 0., 0., 0., 0., 0., 0., 0., 0., 0., 0., 0., 0., 0., 0., 0., 0., 0., 0.,
        0., 0., 0., 0., 0., 0., 0., 0., 0., 0., 0., 0., 0., 0., 0., 0., 0., 0., 0., 0., 0., 0., 0., 0.,
        0., 0., 0., 0., 0., 0., 0., 0., 0., 0., 0., 0., 0., 0., 0., 0., 0., 0., 0., 0., 0., 0., 0., 0.,
        0., 0., 0., 0., 0., 0., 0., 0., 0., 0., 0., 0., 0., 0., 0., 0., 0., 0., 0., 0., 0., 0., 0., 0.,
        0., 0., 0., 0., 0., 0., 0., 0., 0., 0., 0., 0., 0., 0., 0., 0., 0., 0., 0., 0., 0., 0., 0., 0.,
        0., 0., 0., 0., 0., 0., 0., 0., 0., 0., 0., 0., 0., 0., 0., 0., 0., 0., 0., 0., 0., 0., 0., 0.,
        0., 0., 0., 0., 0., 0., 0., 0., 0., 0., 0., 0., 0., 0., 0., 0., 0., 0., 0., 0., 0., 0., 0., 0.,
        0., 0., 0., 0., 0., 0., 0., 0., 0., 0., 0., 0., 0., 0., 0., 0., 0., 0., 0., 0., 0., 0., 0., 0.,
        0., 0., 0., 0., 0., 0., 0., 0., 0., 0., 0., 0., 0., 0., 0., 0., 0., 0., 0., 0., 0., 0., 0., 0.,
        0., 0., 0., 0., 0., 0., 0., 0.]), 'batchNorm3.running_mean': tensor([0., 0., 0., 0., 0., 0., 0., 0., 0., 0., 0., 0., 0., 0., 0., 0., 0., 0., 0., 0., 0., 0., 0., 0.,
        0., 0., 0., 0., 0., 0., 0., 0., 0., 0., 0., 0., 0., 0., 0., 0., 0., 0., 0., 0., 0., 0., 0., 0.,
        0., 0., 0., 0., 0., 0., 0., 0., 0., 0., 0., 0., 0., 0., 0., 0., 0., 0., 0., 0., 0., 0., 0., 0.,
        0., 0., 0., 0., 0., 0., 0., 0., 0., 0., 0., 0., 0., 0., 0., 0., 0., 0., 0., 0., 0., 0., 0., 0.,
        0., 0., 0., 0., 0., 0., 0., 0., 0., 0., 0., 0., 0., 0., 0., 0., 0., 0., 0., 0., 0., 0., 0., 0.,
        0., 0., 0., 0., 0., 0., 0., 0., 0., 0., 0., 0., 0., 0., 0., 0., 0., 0., 0., 0., 0., 0., 0., 0.,
        0., 0., 0., 0., 0., 0., 0., 0., 0., 0., 0., 0., 0., 0., 0., 0., 0., 0., 0., 0., 0., 0., 0., 0.,
        0., 0., 0., 0., 0., 0., 0., 0., 0., 0., 0., 0., 0., 0., 0., 0., 0., 0., 0., 0., 0., 0., 0., 0.,
        0., 0., 0., 0., 0., 0., 0., 0., 0., 0., 0., 0., 0., 0., 0., 0., 0., 0., 0., 0., 0., 0., 0., 0.,
        0., 0., 0., 0., 0., 0., 0., 0., 0., 0., 0., 0., 0., 0., 0., 0., 0., 0., 0., 0., 0., 0., 0., 0.,
        0., 0., 0., 0., 0., 0., 0., 0., 0., 0., 0., 0., 0., 0., 0., 0., 0., 0., 0., 0., 0., 0., 0., 0.,
        0., 0., 0., 0., 0., 0., 0., 0., 0., 0., 0., 0., 0., 0., 0., 0., 0., 0., 0., 0., 0., 0., 0., 0.,
        0., 0., 0., 0., 0., 0., 0., 0., 0., 0., 0., 0., 0., 0., 0., 0., 0., 0., 0., 0., 0., 0., 0., 0.,
        0., 0., 0., 0., 0., 0., 0., 0., 0., 0., 0., 0., 0., 0., 0., 0., 0., 0., 0., 0., 0., 0., 0., 0.,
        0., 0., 0., 0., 0., 0., 0., 0., 0., 0., 0., 0., 0., 0., 0., 0., 0., 0., 0., 0., 0., 0., 0., 0.,
        0., 0., 0., 0., 0., 0., 0., 0., 0., 0., 0., 0., 0., 0., 0., 0., 0., 0., 0., 0., 0., 0., 0., 0.,
        0., 0., 0., 0., 0., 0., 0., 0., 0., 0., 0., 0., 0., 0., 0., 0., 0., 0., 0., 0., 0., 0., 0., 0.,
        0., 0., 0., 0., 0., 0., 0., 0., 0., 0., 0., 0., 0., 0., 0., 0., 0., 0., 0., 0., 0., 0., 0., 0.,
        0., 0., 0., 0., 0., 0., 0., 0., 0., 0., 0., 0., 0., 0., 0., 0., 0., 0., 0., 0., 0., 0., 0., 0.,
        0., 0., 0., 0., 0., 0., 0., 0., 0., 0., 0., 0., 0., 0., 0., 0., 0., 0., 0., 0., 0., 0., 0., 0.,
        0., 0., 0., 0., 0., 0., 0., 0., 0., 0., 0., 0., 0., 0., 0., 0., 0., 0., 0., 0., 0., 0., 0., 0.,
        0., 0., 0., 0., 0., 0., 0., 0.]), 'batchNorm3.running_var': tensor([1., 1., 1., 1., 1., 1., 1., 1., 1., 1., 1., 1., 1., 1., 1., 1., 1., 1.,
        1., 1., 1., 1., 1., 1., 1., 1., 1., 1., 1., 1., 1., 1., 1., 1., 1., 1.,
        1., 1., 1., 1., 1., 1., 1., 1., 1., 1., 1., 1., 1., 1., 1., 1., 1., 1.,
        1., 1., 1., 1., 1., 1., 1., 1., 1., 1., 1., 1., 1., 1., 1., 1., 1., 1.,
        1., 1., 1., 1., 1., 1., 1., 1., 1., 1., 1., 1., 1., 1., 1., 1., 1., 1.,
        1., 1., 1., 1., 1., 1., 1., 1., 1., 1., 1., 1., 1., 1., 1., 1., 1., 1.,
        1., 1., 1., 1., 1., 1., 1., 1., 1., 1., 1., 1., 1., 1., 1., 1., 1., 1.,
        1., 1., 1., 1., 1., 1., 1., 1., 1., 1., 1., 1., 1., 1., 1., 1., 1., 1.,
        1., 1., 1., 1., 1., 1., 1., 1., 1., 1., 1., 1., 1., 1., 1., 1., 1., 1.,
        1., 1., 1., 1., 1., 1., 1., 1., 1., 1., 1., 1., 1., 1., 1., 1., 1., 1.,
        1., 1., 1., 1., 1., 1., 1., 1., 1., 1., 1., 1., 1., 1., 1., 1., 1., 1.,
        1., 1., 1., 1., 1., 1., 1., 1., 1., 1., 1., 1., 1., 1., 1., 1., 1., 1.,
        1., 1., 1., 1., 1., 1., 1., 1., 1., 1., 1., 1., 1., 1., 1., 1., 1., 1.,
        1., 1., 1., 1., 1., 1., 1., 1., 1., 1., 1., 1., 1., 1., 1., 1., 1., 1.,
        1., 1., 1., 1., 1., 1., 1., 1., 1., 1., 1., 1., 1., 1., 1., 1., 1., 1.,
        1., 1., 1., 1., 1., 1., 1., 1., 1., 1., 1., 1., 1., 1., 1., 1., 1., 1.,
        1., 1., 1., 1., 1., 1., 1., 1., 1., 1., 1., 1., 1., 1., 1., 1., 1., 1.,
        1., 1., 1., 1., 1., 1., 1., 1., 1., 1., 1., 1., 1., 1., 1., 1., 1., 1.,
        1., 1., 1., 1., 1., 1., 1., 1., 1., 1., 1., 1., 1., 1., 1., 1., 1., 1.,
        1., 1., 1., 1., 1., 1., 1., 1., 1., 1., 1., 1., 1., 1., 1., 1., 1., 1.,
        1., 1., 1., 1., 1., 1., 1., 1., 1., 1., 1., 1., 1., 1., 1., 1., 1., 1.,
        1., 1., 1., 1., 1., 1., 1., 1., 1., 1., 1., 1., 1., 1., 1., 1., 1., 1.,
        1., 1., 1., 1., 1., 1., 1., 1., 1., 1., 1., 1., 1., 1., 1., 1., 1., 1.,
        1., 1., 1., 1., 1., 1., 1., 1., 1., 1., 1., 1., 1., 1., 1., 1., 1., 1.,
        1., 1., 1., 1., 1., 1., 1., 1., 1., 1., 1., 1., 1., 1., 1., 1., 1., 1.,
        1., 1., 1., 1., 1., 1., 1., 1., 1., 1., 1., 1., 1., 1., 1., 1., 1., 1.,
        1., 1., 1., 1., 1., 1., 1., 1., 1., 1., 1., 1., 1., 1., 1., 1., 1., 1.,
        1., 1., 1., 1., 1., 1., 1., 1., 1., 1., 1., 1., 1., 1., 1., 1., 1., 1.,
        1., 1., 1., 1., 1., 1., 1., 1.]), 'batchNorm3.num_batches_tracked': tensor(0), 'batchNorm4.weight': tensor([1., 1., 1., 1., 1., 1., 1., 1., 1., 1., 1., 1., 1., 1., 1., 1., 1., 1.,
        1., 1., 1., 1., 1., 1., 1., 1., 1., 1., 1., 1., 1., 1., 1., 1., 1., 1.,
        1., 1., 1., 1., 1., 1., 1., 1., 1., 1., 1., 1., 1., 1., 1., 1., 1., 1.,
        1., 1., 1., 1., 1., 1., 1., 1., 1., 1., 1., 1., 1., 1., 1., 1., 1., 1.,
        1., 1., 1., 1., 1., 1., 1., 1., 1., 1., 1., 1., 1., 1., 1., 1., 1., 1.,
        1., 1., 1., 1., 1., 1., 1., 1., 1., 1., 1., 1., 1., 1., 1., 1., 1., 1.,
        1., 1., 1., 1., 1., 1., 1., 1., 1., 1., 1., 1., 1., 1., 1., 1., 1., 1.,
        1., 1., 1., 1., 1., 1., 1., 1., 1., 1., 1., 1., 1., 1., 1., 1., 1., 1.,
        1., 1., 1., 1., 1., 1., 1., 1., 1., 1., 1., 1., 1., 1., 1., 1., 1., 1.,
        1., 1., 1., 1., 1., 1., 1., 1., 1., 1., 1., 1., 1., 1., 1., 1., 1., 1.,
        1., 1., 1., 1., 1., 1., 1., 1., 1., 1., 1., 1., 1., 1., 1., 1., 1., 1.,
        1., 1., 1., 1., 1., 1., 1., 1., 1., 1., 1., 1., 1., 1., 1., 1., 1., 1.,
        1., 1., 1., 1., 1., 1., 1., 1., 1., 1., 1., 1., 1., 1., 1., 1., 1., 1.,
        1., 1., 1., 1., 1., 1., 1., 1., 1., 1., 1., 1., 1., 1., 1., 1., 1., 1.,
        1., 1., 1., 1.]), 'batchNorm4.bias': tensor([0., 0., 0., 0., 0., 0., 0., 0., 0., 0., 0., 0., 0., 0., 0., 0., 0., 0., 0., 0., 0., 0., 0., 0.,
        0., 0., 0., 0., 0., 0., 0., 0., 0., 0., 0., 0., 0., 0., 0., 0., 0., 0., 0., 0., 0., 0., 0., 0.,
        0., 0., 0., 0., 0., 0., 0., 0., 0., 0., 0., 0., 0., 0., 0., 0., 0., 0., 0., 0., 0., 0., 0., 0.,
        0., 0., 0., 0., 0., 0., 0., 0., 0., 0., 0., 0., 0., 0., 0., 0., 0., 0., 0., 0., 0., 0., 0., 0.,
        0., 0., 0., 0., 0., 0., 0., 0., 0., 0., 0., 0., 0., 0., 0., 0., 0., 0., 0., 0., 0., 0., 0., 0.,
        0., 0., 0., 0., 0., 0., 0., 0., 0., 0., 0., 0., 0., 0., 0., 0., 0., 0., 0., 0., 0., 0., 0., 0.,
        0., 0., 0., 0., 0., 0., 0., 0., 0., 0., 0., 0., 0., 0., 0., 0., 0., 0., 0., 0., 0., 0., 0., 0.,
        0., 0., 0., 0., 0., 0., 0., 0., 0., 0., 0., 0., 0., 0., 0., 0., 0., 0., 0., 0., 0., 0., 0., 0.,
        0., 0., 0., 0., 0., 0., 0., 0., 0., 0., 0., 0., 0., 0., 0., 0., 0., 0., 0., 0., 0., 0., 0., 0.,
        0., 0., 0., 0., 0., 0., 0., 0., 0., 0., 0., 0., 0., 0., 0., 0., 0., 0., 0., 0., 0., 0., 0., 0.,
        0., 0., 0., 0., 0., 0., 0., 0., 0., 0., 0., 0., 0., 0., 0., 0.]), 'batchNorm4.running_mean': tensor([0., 0., 0., 0., 0., 0., 0., 0., 0., 0., 0., 0., 0., 0., 0., 0., 0., 0., 0., 0., 0., 0., 0., 0.,
        0., 0., 0., 0., 0., 0., 0., 0., 0., 0., 0., 0., 0., 0., 0., 0., 0., 0., 0., 0., 0., 0., 0., 0.,
        0., 0., 0., 0., 0., 0., 0., 0., 0., 0., 0., 0., 0., 0., 0., 0., 0., 0., 0., 0., 0., 0., 0., 0.,
        0., 0., 0., 0., 0., 0., 0., 0., 0., 0., 0., 0., 0., 0., 0., 0., 0., 0., 0., 0., 0., 0., 0., 0.,
        0., 0., 0., 0., 0., 0., 0., 0., 0., 0., 0., 0., 0., 0., 0., 0., 0., 0., 0., 0., 0., 0., 0., 0.,
        0., 0., 0., 0., 0., 0., 0., 0., 0., 0., 0., 0., 0., 0., 0., 0., 0., 0., 0., 0., 0., 0., 0., 0.,
        0., 0., 0., 0., 0., 0., 0., 0., 0., 0., 0., 0., 0., 0., 0., 0., 0., 0., 0., 0., 0., 0., 0., 0.,
        0., 0., 0., 0., 0., 0., 0., 0., 0., 0., 0., 0., 0., 0., 0., 0., 0., 0., 0., 0., 0., 0., 0., 0.,
        0., 0., 0., 0., 0., 0., 0., 0., 0., 0., 0., 0., 0., 0., 0., 0., 0., 0., 0., 0., 0., 0., 0., 0.,
        0., 0., 0., 0., 0., 0., 0., 0., 0., 0., 0., 0., 0., 0., 0., 0., 0., 0., 0., 0., 0., 0., 0., 0.,
        0., 0., 0., 0., 0., 0., 0., 0., 0., 0., 0., 0., 0., 0., 0., 0.]), 'batchNorm4.running_var': tensor([1., 1., 1., 1., 1., 1., 1., 1., 1., 1., 1., 1., 1., 1., 1., 1., 1., 1.,
        1., 1., 1., 1., 1., 1., 1., 1., 1., 1., 1., 1., 1., 1., 1., 1., 1., 1.,
        1., 1., 1., 1., 1., 1., 1., 1., 1., 1., 1., 1., 1., 1., 1., 1., 1., 1.,
        1., 1., 1., 1., 1., 1., 1., 1., 1., 1., 1., 1., 1., 1., 1., 1., 1., 1.,
        1., 1., 1., 1., 1., 1., 1., 1., 1., 1., 1., 1., 1., 1., 1., 1., 1., 1.,
        1., 1., 1., 1., 1., 1., 1., 1., 1., 1., 1., 1., 1., 1., 1., 1., 1., 1.,
        1., 1., 1., 1., 1., 1., 1., 1., 1., 1., 1., 1., 1., 1., 1., 1., 1., 1.,
        1., 1., 1., 1., 1., 1., 1., 1., 1., 1., 1., 1., 1., 1., 1., 1., 1., 1.,
        1., 1., 1., 1., 1., 1., 1., 1., 1., 1., 1., 1., 1., 1., 1., 1., 1., 1.,
        1., 1., 1., 1., 1., 1., 1., 1., 1., 1., 1., 1., 1., 1., 1., 1., 1., 1.,
        1., 1., 1., 1., 1., 1., 1., 1., 1., 1., 1., 1., 1., 1., 1., 1., 1., 1.,
        1., 1., 1., 1., 1., 1., 1., 1., 1., 1., 1., 1., 1., 1., 1., 1., 1., 1.,
        1., 1., 1., 1., 1., 1., 1., 1., 1., 1., 1., 1., 1., 1., 1., 1., 1., 1.,
        1., 1., 1., 1., 1., 1., 1., 1., 1., 1., 1., 1., 1., 1., 1., 1., 1., 1.,
        1., 1., 1., 1.]), 'batchNorm4.num_batches_tracked': tensor(0)})
