OrderedDict({'conv1.weight': tensor([[[[-0.0784,  0.1649, -0.1573,  0.2504],
          [-0.2290, -0.0420,  0.1760,  0.0821],
          [ 0.2481,  0.0550, -0.0783, -0.0529],
          [-0.1271, -0.0154,  0.0783, -0.1828]]],


        [[[ 0.0514, -0.1960,  0.2318, -0.1716],
          [-0.1595, -0.0175,  0.0036, -0.2300],
          [-0.2028,  0.0067,  0.1212,  0.0023],
          [-0.1723,  0.1809,  0.1743, -0.0267]]],


        [[[ 0.2327,  0.0256, -0.1779, -0.2286],
          [-0.0263, -0.1828, -0.0148, -0.0105],
          [ 0.0157, -0.0374, -0.1540,  0.2441],
          [ 0.0349,  0.1711, -0.1640,  0.0826]]],


        [[[ 0.2173, -0.1975, -0.0686, -0.1370],
          [ 0.0326, -0.0662, -0.1269,  0.1662],
          [ 0.0072,  0.0204,  0.2026,  0.0282],
          [ 0.1123,  0.0073,  0.0520,  0.1205]]],


        [[[-0.2114,  0.0133, -0.0783,  0.0041],
          [-0.1501, -0.1829,  0.2155,  0.1040],
          [ 0.2096, -0.1199, -0.1424,  0.1773],
          [ 0.0616,  0.0416, -0.0581, -0.2093]]],


        [[[ 0.2203,  0.0031,  0.0909, -0.2547],
          [ 0.1354,  0.2323, -0.1064, -0.0348],
          [-0.0579, -0.0191, -0.2378, -0.1666],
          [ 0.2481, -0.1524, -0.0532,  0.2213]]],


        [[[-0.0213,  0.1935, -0.0313,  0.0804],
          [ 0.1680,  0.2195,  0.1362,  0.2163],
          [ 0.0792,  0.1132, -0.0349,  0.0522],
          [ 0.1613, -0.1248,  0.0896,  0.2031]]],


        [[[ 0.1350,  0.0720,  0.2003,  0.0610],
          [-0.2485, -0.2520,  0.0990,  0.2183],
          [-0.0813,  0.0394, -0.2456,  0.1158],
          [-0.1994,  0.2537,  0.1319,  0.1560]]],


        [[[ 0.1373,  0.1784,  0.1952, -0.0097],
          [-0.1652, -0.2416,  0.0315,  0.0542],
          [-0.1658, -0.0991, -0.1108,  0.0910],
          [ 0.1627,  0.0203,  0.0079, -0.2009]]],


        [[[-0.0437, -0.0753,  0.0692,  0.0695],
          [ 0.0565,  0.2225, -0.2334, -0.0583],
          [ 0.1547,  0.2436, -0.0297,  0.0939],
          [ 0.0364, -0.0082, -0.1358, -0.2285]]],


        [[[-0.0106,  0.2237, -0.2039,  0.1262],
          [ 0.0058, -0.2358,  0.0536, -0.1322],
          [ 0.2095, -0.1597,  0.0454,  0.0472],
          [ 0.0765, -0.2451, -0.0250, -0.1139]]],


        [[[ 0.1938,  0.0433, -0.0827, -0.1025],
          [-0.0487,  0.1484, -0.1745, -0.2284],
          [-0.2302, -0.1802,  0.1958,  0.1603],
          [-0.1284, -0.2599, -0.2355,  0.2045]]],


        [[[-0.1368,  0.2088, -0.1577,  0.0494],
          [ 0.0281, -0.2225,  0.1628,  0.1025],
          [-0.0339,  0.1857, -0.1128, -0.0984],
          [-0.0759, -0.1449,  0.0874,  0.2245]]],


        [[[ 0.2397, -0.1801,  0.1822, -0.1743],
          [ 0.0095,  0.1395,  0.2389,  0.1726],
          [ 0.0155,  0.0874,  0.0900,  0.0309],
          [ 0.0497,  0.0906,  0.2145, -0.0969]]],


        [[[ 0.2512,  0.0390, -0.1342,  0.0285],
          [ 0.0887,  0.0700,  0.0875,  0.2109],
          [ 0.1008,  0.0471, -0.1308,  0.2040],
          [ 0.2141,  0.1304,  0.2429, -0.2283]]],


        [[[ 0.1126,  0.0426, -0.1128, -0.2140],
          [-0.0285,  0.2031,  0.1488, -0.1645],
          [-0.1955,  0.0159, -0.2186,  0.0885],
          [ 0.0482,  0.2323, -0.0684,  0.1366]]],


        [[[-0.1116,  0.1749, -0.2532,  0.1722],
          [ 0.1536,  0.2018, -0.0273,  0.2474],
          [-0.2149,  0.1559, -0.1117, -0.1045],
          [ 0.0943, -0.2635, -0.1672, -0.2110]]],


        [[[-0.2159, -0.0332, -0.0338, -0.1360],
          [ 0.2430,  0.2251,  0.1900,  0.0485],
          [-0.1686,  0.1400, -0.0828, -0.2553],
          [-0.1939, -0.0853,  0.1461,  0.1247]]],


        [[[-0.0010, -0.2534,  0.0024, -0.2515],
          [ 0.2035,  0.0475, -0.0386, -0.1173],
          [-0.1503, -0.1961,  0.1193, -0.1774],
          [-0.1117, -0.1919, -0.1874, -0.0287]]],


        [[[-0.1132, -0.2202, -0.1573,  0.0859],
          [-0.1319,  0.0965, -0.0313, -0.1543],
          [ 0.1151,  0.0231, -0.2236,  0.0009],
          [ 0.0869, -0.0760,  0.0936, -0.1994]]],


        [[[ 0.0735, -0.0731, -0.0974, -0.2353],
          [ 0.2237,  0.0292, -0.0697, -0.1558],
          [ 0.0805, -0.1248, -0.1397, -0.1995],
          [ 0.1091,  0.2344, -0.2492, -0.1742]]],


        [[[-0.2040, -0.1112,  0.1798, -0.0785],
          [-0.0280,  0.0682, -0.1061,  0.0303],
          [-0.0554, -0.1431, -0.1115,  0.1467],
          [-0.0174,  0.2245,  0.1001, -0.1399]]],


        [[[ 0.0573, -0.1123, -0.2552,  0.1291],
          [ 0.1149,  0.2270,  0.0786,  0.1703],
          [ 0.1050,  0.1276, -0.1052, -0.0349],
          [ 0.1008, -0.2286,  0.0640,  0.0398]]],


        [[[-0.1460, -0.1308, -0.0897, -0.1157],
          [-0.0520,  0.1423,  0.0947, -0.1772],
          [ 0.0369,  0.1617, -0.0562, -0.1729],
          [-0.1620, -0.2686, -0.2191, -0.2143]]],


        [[[-0.1185,  0.2180, -0.2424,  0.0824],
          [ 0.2157,  0.0956,  0.2320,  0.2064],
          [ 0.2183,  0.1921, -0.2433,  0.1976],
          [-0.2399, -0.0035,  0.0803, -0.1198]]],


        [[[ 0.0478, -0.1838,  0.2244,  0.0545],
          [ 0.1876, -0.0617,  0.1186, -0.0606],
          [-0.2281, -0.0858,  0.0624, -0.1517],
          [ 0.2151,  0.1920,  0.0125,  0.0483]]],


        [[[-0.0822, -0.1602, -0.0106,  0.1760],
          [-0.0597,  0.1067, -0.0345, -0.0397],
          [-0.0041,  0.0165,  0.1926,  0.0842],
          [-0.1958,  0.0814, -0.0948, -0.0419]]],


        [[[ 0.1767,  0.2269, -0.0493,  0.0719],
          [-0.0247,  0.1684, -0.0496, -0.1278],
          [ 0.0379,  0.0316, -0.1137,  0.1207],
          [-0.1863,  0.1839,  0.1646, -0.2007]]],


        [[[-0.2596,  0.1451,  0.0644,  0.1431],
          [-0.0678, -0.1553, -0.1219,  0.1684],
          [-0.2175,  0.1930,  0.1065, -0.0931],
          [ 0.0222,  0.1964,  0.2027, -0.0555]]],


        [[[ 0.0848, -0.0186, -0.1900, -0.0603],
          [-0.0693,  0.1262,  0.2128,  0.0483],
          [-0.1922, -0.2456,  0.1830,  0.1130],
          [-0.2111,  0.1472, -0.2535,  0.0341]]],


        [[[ 0.2228, -0.2270,  0.2234,  0.1161],
          [-0.0270,  0.2439, -0.0955, -0.0738],
          [-0.0477,  0.0546, -0.1962,  0.0508],
          [ 0.1297,  0.1402, -0.0461, -0.0361]]],


        [[[-0.0210, -0.0498,  0.0903, -0.1409],
          [ 0.2488, -0.1127,  0.0377, -0.2221],
          [ 0.0447, -0.1444, -0.2236,  0.0186],
          [ 0.1018, -0.1865,  0.2500,  0.1500]]]]), 'conv1.bias': tensor([ 0.1263,  0.1235, -0.1155, -0.0891, -0.0708, -0.0869, -0.0116,  0.0656,
        -0.1462, -0.2207, -0.2209, -0.0870, -0.1853,  0.2139,  0.1100, -0.2024,
        -0.0508, -0.2102,  0.1019, -0.2047, -0.0155,  0.0587, -0.0477,  0.0086,
         0.0374, -0.0396, -0.1943,  0.0650, -0.1406,  0.0722, -0.0567, -0.1310]), 'conv2.weight': tensor([[[[-7.2649e-04,  1.8014e-02, -1.8029e-03,  1.9881e-02],
          [ 2.4069e-03,  2.9767e-02,  4.8246e-02,  2.9924e-02],
          [ 3.7360e-02, -6.9151e-03, -2.3758e-02, -2.5054e-02],
          [ 4.2256e-03, -3.0819e-02, -3.2519e-02,  2.1171e-02]],

         [[ 3.8405e-03, -2.3374e-02, -1.8880e-03, -2.3806e-02],
          [ 2.6775e-02, -3.0410e-02,  2.7222e-02,  3.2330e-02],
          [-7.3152e-03,  4.3363e-02, -2.7109e-02,  2.6054e-02],
          [ 3.0855e-02, -4.8602e-03,  7.8308e-03, -1.4438e-02]],

         [[ 4.0767e-02,  1.3771e-02,  8.9236e-03,  4.5321e-03],
          [ 1.9278e-02, -9.9860e-03, -3.3596e-02, -1.0265e-02],
          [ 4.4824e-02, -3.9645e-02,  1.1629e-02,  3.9874e-04],
          [-3.6727e-02,  4.1999e-02,  5.7136e-03, -3.4971e-03]],

         ...,

         [[-2.9719e-02,  2.5591e-02,  9.1787e-04, -1.2434e-02],
          [-1.7399e-02, -4.7419e-02,  3.7182e-02, -3.1504e-02],
          [-2.6061e-02, -2.1687e-02,  7.1105e-03, -4.4175e-03],
          [ 1.5424e-02, -2.3327e-02,  1.9268e-03, -2.6595e-02]],

         [[ 3.1073e-02, -1.5851e-02, -3.3141e-02, -2.9775e-02],
          [-2.6901e-02,  1.9989e-02, -3.7334e-02, -2.6726e-02],
          [ 1.9080e-02, -6.3914e-03, -3.7291e-02,  9.8462e-05],
          [-1.1915e-02, -2.7501e-02,  4.1913e-02,  1.0553e-02]],

         [[ 2.4511e-02, -1.8024e-02,  4.2137e-02, -2.9132e-02],
          [-3.3379e-02,  3.4199e-02, -2.2180e-02, -5.1359e-03],
          [-2.5440e-02, -3.5590e-02, -3.3273e-02,  2.4456e-02],
          [ 3.7110e-02, -3.0232e-02, -1.4728e-02,  3.7654e-02]]],


        [[[ 1.3297e-02, -2.8052e-02,  1.2567e-03,  2.4788e-02],
          [ 2.0782e-02,  3.2021e-02, -4.7922e-02, -3.6811e-02],
          [ 1.8253e-02,  3.1117e-03,  2.1146e-02, -1.6419e-02],
          [-9.0633e-03, -2.8860e-02,  2.0549e-02, -3.0973e-02]],

         [[ 3.4618e-02, -3.6308e-02, -3.8769e-02, -3.2281e-02],
          [ 2.6862e-02,  3.6039e-02,  3.9267e-02, -2.8578e-02],
          [-8.3206e-03, -7.0612e-03,  1.7915e-02, -2.5768e-02],
          [ 1.0528e-02, -3.1302e-03,  1.6260e-02,  2.4280e-02]],

         [[ 3.1721e-02, -4.2315e-02,  1.6841e-02,  8.7040e-03],
          [ 2.7137e-02, -3.3367e-02, -2.7137e-03,  1.4755e-02],
          [-1.8974e-03, -4.2859e-02, -3.8832e-02,  8.9998e-03],
          [ 2.7253e-02,  4.2423e-02, -3.9353e-02, -2.8877e-02]],

         ...,

         [[-2.5984e-02, -8.3096e-03,  2.1210e-03,  3.1951e-02],
          [ 2.4530e-03, -1.2746e-02,  4.8126e-02,  4.5336e-02],
          [ 5.3729e-03, -3.8412e-02,  1.5531e-02, -1.7909e-02],
          [ 1.5232e-02,  6.6196e-03, -9.6208e-03, -9.1009e-03]],

         [[-2.3433e-02, -9.9752e-03, -8.6105e-03,  3.0299e-02],
          [-4.6989e-02,  5.2977e-03, -1.2636e-02,  9.8555e-03],
          [-3.6323e-02,  3.1594e-03, -1.7830e-02, -4.0984e-02],
          [ 3.1060e-02,  3.1561e-02,  3.2980e-02,  1.9965e-02]],

         [[ 3.7251e-02,  3.3674e-02,  2.3147e-03,  3.2628e-02],
          [-2.4489e-02,  2.6309e-03, -1.7500e-02, -2.6598e-02],
          [ 5.8308e-03,  8.7658e-03,  4.7553e-03, -3.2870e-02],
          [-3.7273e-02,  9.1442e-03, -3.8175e-02,  3.3369e-02]]],


        [[[ 3.7814e-02, -3.6780e-02, -3.7565e-03,  1.8567e-02],
          [ 1.8595e-02, -2.4969e-02, -1.8553e-02, -4.8900e-02],
          [-2.4179e-03,  2.3235e-02, -2.1291e-02,  1.9769e-02],
          [-8.6715e-03,  2.9260e-02,  1.3731e-02, -3.1405e-02]],

         [[-2.4765e-02, -3.3695e-02,  3.9510e-02,  3.3464e-02],
          [-1.6081e-02, -3.2451e-02,  2.7364e-02, -3.1204e-02],
          [-2.7406e-02,  1.9129e-02,  7.2288e-03,  4.7103e-02],
          [-2.7704e-02,  1.7739e-02, -2.6544e-02,  6.7452e-03]],

         [[ 2.0750e-02, -2.5554e-02,  2.6503e-02,  3.8014e-02],
          [ 9.1822e-03,  4.9930e-02, -8.8651e-03,  9.5634e-03],
          [-2.5379e-02, -7.1232e-03, -2.7220e-02,  3.9225e-02],
          [ 4.0831e-03,  2.1469e-02,  1.3199e-02,  4.1501e-02]],

         ...,

         [[ 1.4279e-02, -3.4664e-02, -1.4687e-02,  1.9089e-02],
          [-3.5885e-02,  4.0278e-02,  2.9780e-02, -8.0563e-03],
          [ 4.4202e-03, -1.3208e-02,  1.9235e-02, -2.6751e-02],
          [-2.3017e-02,  2.2948e-02, -3.4364e-02,  3.4787e-02]],

         [[ 3.7912e-02,  3.5879e-02, -3.4196e-03,  2.9303e-02],
          [-5.3009e-03,  2.0691e-02,  2.9684e-02, -2.2124e-02],
          [ 8.7032e-03,  2.2708e-02, -3.2462e-02,  3.0307e-03],
          [ 3.0167e-02,  5.7613e-04,  2.7454e-03, -3.4820e-02]],

         [[-2.5324e-02, -1.7813e-02,  1.9208e-02, -2.0041e-02],
          [ 3.5542e-02, -2.4331e-02,  1.8035e-02,  1.3240e-02],
          [ 4.5666e-02, -1.6518e-02,  4.7286e-02, -2.2429e-02],
          [-3.1572e-02,  2.5722e-02,  3.9641e-02,  4.2437e-02]]],


        ...,


        [[[-2.9089e-03,  6.6940e-03, -2.9279e-02, -2.6417e-02],
          [-2.0087e-02, -4.1928e-02, -4.5340e-02, -3.4350e-02],
          [ 1.2849e-02,  6.2789e-03,  1.1623e-02,  3.4816e-02],
          [-1.9364e-02, -2.3349e-02,  3.0216e-02, -1.7844e-02]],

         [[ 2.7063e-02, -4.1257e-02,  1.2082e-02,  4.5725e-03],
          [ 4.0139e-02, -2.4574e-03,  2.3359e-02, -2.5675e-02],
          [-2.5830e-02,  3.2919e-03,  1.2937e-02, -1.6958e-02],
          [ 4.1361e-02, -3.6811e-02, -2.6810e-02, -3.7206e-02]],

         [[-3.8151e-02, -4.0666e-02, -4.2975e-02,  1.0115e-02],
          [ 1.0565e-02,  2.2665e-03, -2.1266e-02,  2.7378e-03],
          [-2.2759e-02,  1.0209e-02, -1.4390e-02,  3.4822e-02],
          [-2.6630e-02, -1.1021e-02, -3.5104e-02, -4.3728e-03]],

         ...,

         [[ 2.1442e-02,  2.7167e-02,  3.0081e-02,  1.5440e-02],
          [ 5.4416e-03, -7.7605e-04, -8.8884e-03,  2.8770e-02],
          [ 3.3405e-02, -3.3484e-02, -1.9173e-02, -1.1196e-02],
          [-3.8401e-02, -1.2868e-03,  3.1224e-02,  1.5793e-02]],

         [[-4.2939e-02,  1.1086e-02, -1.1397e-02,  1.9998e-02],
          [ 8.2026e-03,  3.3990e-02, -9.2717e-03, -3.3951e-02],
          [ 4.1111e-02,  1.3849e-02, -1.1255e-02, -1.5664e-04],
          [ 4.1854e-02,  8.9837e-03,  2.9029e-02,  6.0784e-03]],

         [[ 2.3729e-02, -5.7419e-03,  3.3922e-02,  1.5840e-02],
          [-2.3644e-02, -4.8979e-02, -1.8105e-02, -3.8981e-02],
          [ 2.3250e-02,  3.1129e-02,  3.9947e-03, -2.5192e-02],
          [-4.2833e-02,  4.6096e-03,  1.1810e-02,  3.2572e-02]]],


        [[[-4.0959e-02, -1.9567e-02,  4.0570e-02,  2.2906e-02],
          [ 3.3552e-02,  3.3034e-03,  7.3998e-03, -4.5786e-02],
          [-4.6540e-02, -7.1330e-03,  5.1802e-03,  1.6273e-02],
          [ 5.9271e-03, -3.6909e-02, -1.4760e-02,  3.3106e-02]],

         [[-1.9216e-02, -1.9440e-02,  2.7407e-02,  7.1040e-03],
          [-4.4662e-02, -1.9205e-02,  5.7534e-03,  5.5460e-03],
          [ 1.1373e-02,  2.8928e-02, -3.1337e-02, -9.7645e-03],
          [-3.7012e-02, -8.7231e-03, -3.1569e-02,  2.6948e-02]],

         [[-2.7889e-02,  1.8119e-02, -2.0819e-02,  7.1031e-03],
          [ 2.0293e-02, -1.2565e-02, -8.1575e-03,  1.6944e-02],
          [-1.1297e-02,  4.1456e-03, -1.9372e-02,  2.7595e-02],
          [-1.1306e-02, -8.8968e-03, -3.8602e-02,  1.1766e-02]],

         ...,

         [[-2.3671e-02, -2.3099e-02,  1.3329e-02,  9.7697e-03],
          [-1.8670e-02, -1.1105e-02, -1.4176e-02,  2.6579e-02],
          [-1.8946e-02, -3.0799e-02, -9.3561e-03,  2.5052e-02],
          [ 1.1256e-02,  6.7532e-03, -3.2008e-02, -3.9438e-02]],

         [[ 2.3784e-03,  3.5508e-02,  2.1343e-03, -4.3489e-02],
          [ 2.4083e-02,  2.8435e-02,  4.0624e-03, -2.4908e-02],
          [ 1.0812e-02, -5.8227e-03,  2.5029e-02, -1.3035e-02],
          [-4.2380e-02, -3.1113e-02, -3.5467e-03,  4.0027e-02]],

         [[-2.5060e-02, -1.6039e-02, -4.0793e-03, -6.2582e-03],
          [ 3.7398e-02,  3.7692e-02,  4.2270e-02, -1.4327e-02],
          [ 1.8446e-02,  3.6698e-04, -1.8058e-02,  2.2488e-02],
          [ 1.2814e-03, -2.9846e-02,  4.0412e-02,  3.0692e-02]]],


        [[[-2.6800e-02,  1.6752e-02,  3.1343e-02, -3.7263e-02],
          [ 3.6009e-03, -6.6512e-03, -1.8794e-02, -3.0790e-02],
          [ 4.6651e-02,  3.1516e-02,  3.6254e-03, -1.7140e-02],
          [ 6.8945e-03, -2.3593e-02,  1.1171e-02,  2.9560e-03]],

         [[-3.8494e-02, -4.3097e-02, -9.6981e-03,  2.5671e-02],
          [ 1.7355e-02, -2.6841e-02, -1.7904e-02,  4.6456e-03],
          [-6.0350e-03,  2.7823e-02,  1.9011e-02,  2.7849e-02],
          [ 1.6670e-02, -3.4546e-02,  1.4678e-02, -3.8643e-02]],

         [[-3.6809e-02, -3.8838e-03,  3.4309e-02, -2.5139e-02],
          [ 2.9034e-03, -2.0315e-02, -1.0760e-02, -4.6114e-03],
          [-3.0260e-02,  2.8799e-02, -6.3566e-03,  1.2457e-02],
          [ 1.3762e-02,  1.4221e-02,  3.8465e-02, -2.6516e-03]],

         ...,

         [[ 3.0187e-02, -2.7461e-02, -1.4786e-02, -2.4289e-02],
          [-4.5626e-02, -9.0655e-03, -2.4647e-02, -8.2388e-03],
          [-3.8580e-02, -9.8248e-03,  4.7310e-02,  4.8594e-03],
          [ 3.0449e-02, -3.9568e-02, -1.3682e-02, -4.1769e-02]],

         [[-4.2564e-02,  2.2867e-02,  5.0648e-03,  3.6838e-02],
          [ 1.4268e-02,  1.8612e-02, -2.5849e-02, -2.4277e-02],
          [-3.1813e-02,  1.9087e-02,  2.8503e-02,  1.3431e-02],
          [-3.4667e-02,  1.2738e-02, -1.2262e-02, -2.9365e-02]],

         [[ 7.2026e-03,  4.1516e-03, -4.7619e-04, -5.9487e-04],
          [-2.1984e-02,  2.8687e-03, -3.4722e-02, -1.5813e-02],
          [-3.3180e-02,  3.0359e-02,  2.0395e-02,  3.5996e-02],
          [-1.2257e-02,  4.4083e-03,  1.7406e-02, -3.7605e-02]]]]), 'conv2.bias': tensor([ 0.0321,  0.0225, -0.0039,  0.0061,  0.0270,  0.0506, -0.0428, -0.0032,
         0.0018,  0.0284,  0.0108,  0.0192,  0.0137,  0.0137,  0.0267, -0.0507,
         0.0210,  0.0467,  0.0116, -0.0297, -0.0421,  0.0255,  0.0055,  0.0358,
         0.0314, -0.0358,  0.0407,  0.0256,  0.0090, -0.0045, -0.0555, -0.0078,
         0.0029,  0.0149,  0.0159, -0.0318, -0.0385, -0.0023,  0.0069, -0.0147,
        -0.0058, -0.0203, -0.0491, -0.0430,  0.0213, -0.0247, -0.0163, -0.0408,
        -0.0182,  0.0373,  0.0455,  0.0162, -0.0054,  0.0079,  0.0012,  0.0495,
        -0.0387,  0.0116, -0.0383, -0.0118,  0.0237,  0.0411, -0.0109, -0.0130]), 'batchNorm1.weight': tensor([1.0060, 0.9940, 1.0037, 0.9940, 0.9940, 1.0013, 0.9940, 1.0062, 0.9940,
        1.0071, 0.9940, 1.0072, 0.9940, 0.9970, 0.9940, 1.0046, 1.0207, 1.0060,
        1.0056, 1.0045, 0.9997, 0.9940, 0.9973, 1.0177, 1.0043, 0.9940, 1.0085,
        0.9940, 1.0055, 1.0047, 0.9940, 1.0060]), 'batchNorm1.bias': tensor([-0.0060, -0.0060,  0.0035, -0.0060, -0.0060,  0.0092, -0.0060,  0.0048,
        -0.0060,  0.0059, -0.0060,  0.0005, -0.0060,  0.0053, -0.0060, -0.0011,
         0.0056, -0.0060,  0.0076,  0.0071,  0.0057, -0.0060,  0.0110,  0.0034,
         0.0064, -0.0060,  0.0052, -0.0060,  0.0131,  0.0049, -0.0060, -0.0060]), 'batchNorm1.running_mean': tensor([ 0.1263,  0.1235, -0.1155, -0.0891, -0.0708, -0.0869, -0.0116,  0.0656,
        -0.1462, -0.2206, -0.2209, -0.0869, -0.1853,  0.2139,  0.1100, -0.2024,
        -0.0508, -0.2102,  0.1019, -0.2046, -0.0155,  0.0587, -0.0476,  0.0086,
         0.0374, -0.0396, -0.1942,  0.0650, -0.1406,  0.0722, -0.0567, -0.1310]), 'batchNorm1.running_var': tensor([2.4455e-14, 3.1958e-14, 2.9126e-14, 3.1076e-14, 2.6998e-14, 3.1843e-14,
        2.8157e-14, 3.5436e-14, 3.3997e-14, 2.7543e-14, 2.3371e-14, 2.8169e-14,
        2.1930e-14, 2.5166e-14, 2.4360e-14, 2.4624e-14, 6.5622e-14, 3.6662e-14,
        3.2326e-14, 2.5737e-14, 2.6160e-14, 2.2018e-14, 2.9649e-14, 3.7823e-14,
        4.7534e-14, 2.8060e-14, 2.2385e-14, 2.4853e-14, 3.0525e-14, 3.2819e-14,
        2.6793e-14, 2.6987e-14]), 'batchNorm1.num_batches_tracked': tensor(301), 'batchNorm2.weight': tensor([0.9998, 1.0081, 1.0011, 0.9913, 1.0054, 1.0048, 1.0002, 0.9964, 0.9961,
        1.0128, 1.0130, 0.9909, 1.0078, 0.9958, 1.0036, 1.0109, 1.0006, 0.9992,
        1.0022, 0.9993, 1.0041, 1.0067, 1.0026, 0.9980, 1.0153, 0.9923, 1.0043,
        0.9970, 1.0033, 0.9939, 0.9977, 1.0024, 0.9992, 1.0126, 1.0071, 1.0006,
        1.0032, 0.9950, 0.9879, 1.0148, 0.9997, 0.9970, 1.0050, 1.0054, 1.0105,
        1.0076, 1.0012, 0.9927, 0.9935, 0.9907, 0.9995, 1.0074, 0.9997, 1.0016,
        0.9881, 0.9972, 0.9992, 0.9974, 1.0089, 1.0089, 1.0039, 1.0108, 0.9968,
        1.0117]), 'batchNorm2.bias': tensor([-0.0052,  0.0061,  0.0057,  0.0079,  0.0060, -0.0060, -0.0061, -0.0060,
        -0.0063, -0.0052,  0.0061, -0.0066,  0.0002, -0.0056,  0.0060,  0.0037,
         0.0063, -0.0046,  0.0057,  0.0062,  0.0073,  0.0006,  0.0049, -0.0060,
        -0.0067, -0.0061, -0.0067,  0.0043, -0.0058,  0.0058,  0.0028, -0.0060,
         0.0077,  0.0060, -0.0060, -0.0060, -0.0061, -0.0054,  0.0058, -0.0060,
         0.0086, -0.0035, -0.0060,  0.0060,  0.0075,  0.0060,  0.0062,  0.0060,
         0.0064,  0.0060,  0.0061, -0.0060, -0.0060, -0.0060, -0.0059,  0.0060,
         0.0068, -0.0058, -0.0062,  0.0062,  0.0077, -0.0060, -0.0061,  0.0062]), 'batchNorm2.running_mean': tensor([ 0.0316,  0.0228, -0.0037,  0.0049,  0.0268,  0.0503, -0.0403, -0.0040,
         0.0012,  0.0269,  0.0102,  0.0191,  0.0142,  0.0131,  0.0256, -0.0471,
         0.0218,  0.0464,  0.0149, -0.0307, -0.0425,  0.0252,  0.0079,  0.0360,
         0.0327, -0.0379,  0.0416,  0.0272,  0.0095, -0.0037, -0.0564, -0.0072,
         0.0034,  0.0169,  0.0155, -0.0340, -0.0402, -0.0028,  0.0051, -0.0126,
        -0.0060, -0.0222, -0.0492, -0.0427,  0.0230, -0.0261, -0.0180, -0.0428,
        -0.0194,  0.0365,  0.0432,  0.0158, -0.0050,  0.0074,  0.0003,  0.0487,
        -0.0391,  0.0112, -0.0385, -0.0126,  0.0234,  0.0403, -0.0104, -0.0125]), 'batchNorm2.running_var': tensor([7.9630e-07, 1.2196e-05, 2.8047e-07, 1.9208e-06, 9.8702e-07, 4.8690e-06,
        7.4763e-08, 8.2944e-07, 3.9021e-06, 5.7965e-06, 3.8056e-06, 3.8567e-06,
        8.0962e-06, 2.1239e-07, 6.6980e-06, 1.1010e-05, 1.0108e-05, 4.9145e-06,
        7.8264e-07, 4.7533e-06, 7.8096e-06, 4.9367e-06, 4.7926e-06, 5.8695e-06,
        1.9218e-06, 1.0001e-06, 7.5143e-07, 5.1284e-06, 2.9452e-06, 4.1740e-06,
        1.2728e-06, 3.6187e-06, 4.1573e-06, 6.4169e-06, 7.1925e-08, 3.3084e-06,
        2.0956e-06, 2.9555e-07, 2.0445e-06, 1.6446e-06, 8.3359e-06, 1.1216e-05,
        1.6099e-07, 8.6644e-08, 8.6366e-06, 2.8764e-06, 7.7465e-06, 3.9691e-06,
        3.6608e-06, 3.8536e-06, 2.5945e-06, 2.1338e-06, 1.3656e-06, 2.1123e-06,
        4.7330e-06, 5.4615e-06, 2.7566e-06, 1.2455e-06, 1.1240e-06, 2.6579e-06,
        1.2084e-06, 2.0791e-06, 9.2541e-07, 5.7601e-06]), 'batchNorm2.num_batches_tracked': tensor(301), 'fc1.weight': tensor([[-0.0050, -0.0004, -0.0141,  ..., -0.0138,  0.0078, -0.0034],
        [ 0.0213,  0.0211, -0.0100,  ...,  0.0186,  0.0311,  0.0106],
        [ 0.0150, -0.0246, -0.0278,  ..., -0.0132, -0.0051,  0.0081],
        ...,
        [-0.0098,  0.0016, -0.0176,  ..., -0.0129, -0.0184,  0.0005],
        [-0.0122, -0.0015,  0.0147,  ...,  0.0037, -0.0196,  0.0124],
        [ 0.0096,  0.0142, -0.0114,  ..., -0.0012, -0.0168,  0.0296]]), 'fc1.bias': tensor([-1.2747e-02,  1.7677e-02, -1.6363e-03,  2.9935e-03, -1.2527e-02,
        -5.7243e-03,  4.9715e-03, -6.9224e-03, -2.5809e-04,  3.2293e-02,
         1.1710e-03,  2.5665e-02, -3.4254e-03, -2.4984e-02,  1.9832e-03,
         7.1881e-03,  2.9837e-03, -7.0139e-03,  1.2507e-03,  1.1559e-02,
        -2.9958e-03,  1.1438e-02, -2.5888e-02, -2.4236e-02,  7.8776e-03,
         6.6556e-03,  1.3210e-02, -5.0615e-04, -1.3772e-02,  1.4011e-02,
         2.0686e-02,  2.6623e-02,  1.2486e-02,  1.8998e-02,  1.6716e-02,
         1.8966e-02, -6.4760e-04, -2.2402e-02, -1.1197e-02,  2.2375e-02,
         2.1005e-02, -1.3469e-02,  2.3390e-02,  2.5216e-02, -2.7632e-03,
         4.2925e-03,  3.2934e-03,  1.2422e-03,  2.3020e-02, -9.2976e-03,
         7.1332e-03, -2.8931e-03,  9.6054e-03,  2.5108e-03, -5.3139e-03,
         2.0299e-02, -2.0787e-02, -1.8987e-02,  3.1370e-02, -1.5391e-02,
        -1.3792e-02,  2.4524e-02, -8.5012e-03, -1.8173e-02,  1.9337e-02,
         1.4955e-02, -1.7290e-02, -9.4868e-04,  8.9635e-03,  2.0499e-02,
        -1.8490e-02, -1.5620e-02, -6.2178e-03, -2.6684e-02,  5.4055e-03,
         7.3725e-03, -1.1232e-03, -1.4662e-02,  2.7123e-03, -4.6587e-03,
        -1.0334e-02,  1.6515e-02,  6.2922e-03,  6.5494e-03, -1.2602e-03,
         1.7250e-02,  1.4311e-02,  2.5764e-02, -2.3146e-02, -2.4756e-03,
         5.4394e-03,  2.3451e-02, -6.4849e-03,  2.2564e-02,  3.2116e-03,
        -2.6073e-02, -3.1177e-03, -1.1105e-02, -9.7210e-03,  9.0132e-03,
         1.6921e-03, -1.0559e-02, -1.3475e-02,  2.5343e-02, -6.2213e-03,
         1.0137e-02,  5.8618e-03, -3.8342e-03,  7.6789e-03, -2.1280e-03,
        -3.2708e-03,  2.5733e-02,  6.4595e-03, -2.1387e-02, -1.2206e-02,
         1.4742e-02,  2.0874e-02, -1.3247e-02, -1.1602e-03,  1.5369e-02,
         4.7799e-03, -2.6036e-02,  1.9272e-02,  1.1485e-02,  2.0791e-02,
         7.5651e-03, -2.2431e-03, -7.2044e-03,  1.1892e-02, -5.1945e-03,
         1.0260e-02,  2.2345e-02, -1.8345e-02,  9.6715e-03, -4.2799e-03,
        -1.5722e-02,  5.1706e-03,  1.6642e-02, -1.1928e-02, -1.4660e-02,
        -2.8128e-02, -5.6501e-03,  1.0634e-02, -1.8124e-02,  4.8311e-04,
        -1.8440e-02, -9.3579e-03,  4.7108e-03, -1.6364e-02, -3.4595e-03,
        -6.4466e-04,  9.6334e-03, -7.3066e-03, -1.0743e-02, -3.0977e-03,
         1.1919e-02, -4.7374e-03, -4.3906e-03,  1.5656e-02,  2.7806e-03,
        -2.6202e-02,  1.2515e-02,  1.5218e-02, -1.5860e-02,  2.2072e-02,
        -1.7953e-02, -1.7727e-02,  7.4687e-03, -1.5819e-02,  2.6597e-02,
         1.1516e-02,  1.6949e-03,  2.6500e-02, -1.8832e-02,  3.1063e-02,
        -2.1756e-02,  2.9179e-02, -1.4695e-03, -4.2585e-03,  2.2245e-02,
         8.2499e-04, -6.6136e-03,  1.7770e-02,  1.2472e-03, -4.7975e-04,
         2.3693e-03,  1.6365e-02, -5.4158e-03,  1.5216e-02,  5.0326e-03,
         2.7130e-02, -4.5322e-03,  1.0690e-02, -1.7989e-02, -1.1242e-02,
         6.9102e-03, -1.4121e-02,  7.3284e-03,  1.0202e-02,  4.0722e-02,
         4.5756e-04,  1.8446e-02,  2.3097e-02,  2.4557e-02, -2.4581e-02,
        -1.1500e-02, -3.5194e-05,  1.4679e-02, -1.1844e-02,  5.7904e-03,
         2.1491e-02,  1.0688e-02, -3.6947e-03, -4.7560e-03, -1.2932e-02,
        -2.1431e-02,  8.4881e-03,  2.7971e-02, -2.5338e-02,  3.2675e-02,
        -4.9658e-03,  2.2100e-02,  4.7095e-03,  2.4264e-02, -1.1045e-02,
         8.7865e-03, -3.5429e-02,  5.5776e-04,  7.4262e-03, -1.3735e-02,
        -1.3459e-02,  2.1663e-02, -1.5892e-02, -1.3808e-02, -2.6166e-02,
         1.7365e-02, -1.7433e-02,  1.9016e-02, -3.7117e-03, -1.5786e-02,
         1.6202e-02,  1.1813e-03, -2.3159e-02, -9.3942e-03,  2.0876e-02,
         2.4608e-03,  1.4461e-02,  3.3956e-03, -6.3097e-03, -1.1789e-02,
        -1.5551e-02,  6.1041e-03, -2.7501e-02, -8.3870e-03,  2.7546e-03,
         2.4030e-03, -1.7381e-02, -5.5596e-03, -7.3735e-03,  1.1604e-02,
         2.1007e-02, -1.7126e-02,  1.1793e-02, -2.0030e-03, -7.4175e-03,
        -2.2019e-02,  1.9496e-02,  1.2780e-02, -2.1981e-02,  7.7481e-03,
        -6.5894e-03, -2.5755e-02, -1.7354e-02,  7.7148e-03, -1.5501e-02,
         9.4135e-03, -8.5627e-03,  2.5058e-02,  1.2913e-02, -1.1750e-02,
        -2.2167e-04,  5.0212e-03, -1.9003e-02, -2.0267e-02,  1.6176e-02,
         5.7062e-04,  1.5014e-02,  4.6498e-03,  2.3607e-02,  1.2678e-02,
         8.5927e-03, -1.7331e-02,  1.2582e-02, -3.1448e-03,  1.9341e-03,
         1.0749e-02, -1.3856e-03, -2.3635e-02, -4.9377e-03,  1.1425e-03,
        -3.9313e-03, -1.6316e-02, -1.7083e-02,  5.5987e-03, -1.5303e-03,
         2.3964e-02, -1.9357e-02, -6.9524e-03, -1.3939e-02,  1.7325e-02,
         2.3602e-02, -9.3208e-03, -1.6423e-02,  9.7386e-03,  2.5607e-02,
         1.0956e-02,  4.0666e-03,  2.6453e-02,  6.1044e-04, -1.3423e-02,
         3.9440e-03,  6.6216e-03, -5.9016e-03, -4.8832e-03, -1.4209e-03,
        -1.2600e-02,  1.4466e-02, -1.4050e-02, -1.0919e-02,  1.4009e-02,
        -1.0690e-02,  1.0439e-02, -7.5830e-03, -1.1641e-03, -2.8923e-03,
         1.7009e-02, -1.0896e-02,  1.5715e-04, -7.2106e-03, -1.6859e-02,
        -1.3863e-04, -1.3092e-02,  6.6194e-03,  1.3086e-02,  5.7158e-03,
         1.1357e-02, -1.8221e-02,  3.8552e-03, -9.5968e-03, -2.5461e-02,
        -2.8096e-02,  2.4735e-02, -5.2061e-03, -1.0992e-02, -8.4956e-03,
         2.1072e-02,  1.7199e-02,  1.7316e-02, -7.4278e-03, -1.7814e-03,
        -1.7298e-02,  1.3582e-02,  1.9017e-02,  2.0815e-02,  2.3805e-02,
        -2.3026e-02,  1.7240e-02, -2.7643e-03,  8.6152e-03, -1.0415e-02,
        -3.1798e-03,  1.5483e-02,  8.2309e-03, -4.7160e-03, -1.9290e-02,
         5.1415e-03, -1.1082e-02,  5.9167e-03, -1.4259e-02, -8.5611e-03,
        -6.8349e-03, -1.6154e-03, -2.8943e-02, -9.7114e-03, -1.0544e-02,
         6.1211e-04,  1.9913e-02, -1.9717e-02,  8.9020e-03,  9.3367e-03,
         2.1399e-02, -1.4808e-02,  6.5860e-03,  6.4000e-03, -1.7411e-02,
         5.0218e-03, -4.5073e-03,  9.7716e-03,  6.7284e-03, -1.5275e-02,
         2.5863e-02,  1.1131e-02,  1.9635e-02, -1.7543e-02,  8.9516e-03,
         2.7907e-03,  1.6272e-02,  1.4091e-02, -1.5995e-02, -1.4687e-03,
        -1.7361e-02, -4.8023e-03,  1.3983e-02, -2.1162e-02,  6.5856e-03,
        -5.9478e-03, -1.6810e-02, -2.5367e-02,  1.5339e-02,  2.8238e-03,
        -1.3495e-03, -2.9023e-02,  7.8563e-03,  9.3433e-03,  2.3291e-02,
        -1.0726e-02,  8.7671e-03,  5.4064e-03,  7.6872e-03,  2.4176e-02,
        -1.3040e-02, -1.5815e-02, -2.5569e-02, -8.6521e-03,  8.9468e-03,
        -1.2083e-02,  1.6800e-02,  1.1840e-03, -2.9856e-03,  1.7136e-03,
         2.3411e-02,  1.3105e-03, -2.1268e-02,  8.2956e-03,  4.7385e-03,
         3.5522e-03, -1.0591e-02,  3.1125e-02, -1.7721e-02,  8.9431e-03,
        -1.2165e-02, -2.9364e-02, -1.5194e-02, -2.0788e-02, -1.3757e-02,
        -1.3998e-02,  1.2749e-02,  1.4547e-02,  2.4774e-02, -2.0592e-02,
         2.1722e-02, -6.7899e-05,  6.7350e-03, -1.0248e-03, -1.3793e-02,
        -3.5546e-03,  2.4442e-02,  1.6056e-02,  1.8808e-02,  9.3061e-04,
        -1.1716e-03,  4.3402e-03, -2.7324e-02, -2.8907e-02, -1.4752e-02,
         2.2068e-03,  8.0614e-03,  1.0727e-02, -5.4320e-03, -1.2830e-02,
        -1.4744e-02,  1.4933e-02, -7.3683e-03,  6.4211e-03,  2.3258e-02,
         5.4858e-03, -4.1629e-04, -1.4568e-02,  1.0663e-02, -1.7718e-02,
        -6.2244e-03,  1.0158e-02, -2.6055e-02,  1.6298e-02,  3.8195e-03,
         1.3577e-02, -1.0873e-02,  9.1482e-04, -6.3462e-03, -2.1023e-03,
         4.3370e-04,  8.1737e-03,  1.3474e-02, -1.3230e-02,  9.1603e-04,
        -6.5690e-03,  1.7585e-02, -8.5203e-03, -6.5648e-03,  3.1775e-03,
        -1.1507e-02, -3.1401e-02]), 'fc2.weight': tensor([[-0.0272, -0.0288, -0.0455,  ...,  0.0195, -0.0206, -0.0045],
        [ 0.0377, -0.0283,  0.0177,  ...,  0.0039, -0.0339,  0.0404],
        [ 0.0036,  0.0007, -0.0433,  ..., -0.0012, -0.0383, -0.0405],
        ...,
        [ 0.0023, -0.0146,  0.0237,  ..., -0.0157, -0.0176, -0.0366],
        [ 0.0231, -0.0034, -0.0496,  ...,  0.0437,  0.0357,  0.0210],
        [-0.0136,  0.0351,  0.0118,  ..., -0.0031, -0.0018,  0.0295]]), 'fc2.bias': tensor([-0.0444,  0.0052,  0.0213, -0.0201, -0.0231,  0.0036,  0.0014, -0.0237,
         0.0402,  0.0380, -0.0368,  0.0084, -0.0047,  0.0501, -0.0245,  0.0003,
        -0.0463, -0.0177,  0.0321,  0.0293,  0.0274,  0.0076, -0.0161, -0.0261,
         0.0054, -0.0485,  0.0011, -0.0046, -0.0186,  0.0285,  0.0201,  0.0453,
        -0.0033, -0.0141, -0.0396, -0.0024,  0.0296,  0.0246,  0.0427, -0.0197,
        -0.0141, -0.0427, -0.0349,  0.0066, -0.0193, -0.0383,  0.0170, -0.0521,
         0.0227, -0.0415,  0.0114, -0.0447,  0.0438, -0.0453, -0.0298, -0.0027,
        -0.0378,  0.0471,  0.0339, -0.0049, -0.0192, -0.0316, -0.0260, -0.0220,
         0.0119, -0.0250, -0.0147, -0.0063,  0.0422, -0.0247,  0.0398, -0.0293,
         0.0086, -0.0286,  0.0356, -0.0334, -0.0158, -0.0424, -0.0015,  0.0105,
        -0.0031, -0.0482, -0.0399,  0.0104,  0.0387,  0.0318, -0.0424, -0.0122,
         0.0268, -0.0348,  0.0347,  0.0263, -0.0486, -0.0408, -0.0443,  0.0426,
         0.0065, -0.0130, -0.0284,  0.0399,  0.0168,  0.0144,  0.0011, -0.0257,
         0.0062,  0.0162, -0.0029, -0.0279,  0.0143, -0.0130,  0.0265, -0.0451,
         0.0007, -0.0275, -0.0113,  0.0307,  0.0005,  0.0338,  0.0213, -0.0366,
        -0.0272,  0.0170, -0.0319, -0.0027, -0.0158, -0.0419,  0.0361,  0.0300,
        -0.0276,  0.0164, -0.0330,  0.0066,  0.0048, -0.0109, -0.0212,  0.0313,
         0.0270, -0.0283,  0.0303,  0.0310, -0.0031,  0.0108,  0.0230,  0.0269,
        -0.0129,  0.0451,  0.0111, -0.0086,  0.0132, -0.0271, -0.0079, -0.0084,
        -0.0062,  0.0238,  0.0151, -0.0209, -0.0070,  0.0353, -0.0247, -0.0207,
         0.0213, -0.0268, -0.0204, -0.0060, -0.0333,  0.0361,  0.0375, -0.0208,
        -0.0445,  0.0366, -0.0405, -0.0391,  0.0259, -0.0017, -0.0235,  0.0217,
         0.0417, -0.0043,  0.0248,  0.0086,  0.0045,  0.0120, -0.0185, -0.0059,
         0.0057, -0.0128, -0.0072,  0.0076,  0.0171,  0.0158, -0.0389, -0.0124,
        -0.0150,  0.0354,  0.0352, -0.0031,  0.0379,  0.0058,  0.0088, -0.0123,
         0.0014, -0.0147, -0.0160, -0.0287, -0.0374,  0.0247, -0.0392, -0.0340,
         0.0061,  0.0261, -0.0361,  0.0369,  0.0205,  0.0414, -0.0333, -0.0430,
        -0.0104, -0.0269,  0.0060,  0.0163,  0.0164, -0.0009, -0.0233, -0.0219,
         0.0217, -0.0126, -0.0125, -0.0228,  0.0394,  0.0274,  0.0335,  0.0258,
        -0.0087, -0.0080, -0.0158,  0.0481,  0.0387, -0.0092, -0.0252, -0.0235,
        -0.0009,  0.0231, -0.0261, -0.0371, -0.0426, -0.0015, -0.0111, -0.0265,
         0.0251, -0.0064,  0.0033, -0.0285, -0.0281,  0.0167, -0.0102, -0.0143]), 'fc3.weight': tensor([[-0.0143,  0.1085,  0.0347,  ...,  0.0950, -0.0039,  0.0983],
        [-0.0413, -0.0150, -0.0366,  ..., -0.0108, -0.0465,  0.0134],
        [ 0.0027, -0.0794, -0.0642,  ..., -0.0309, -0.0781, -0.0732],
        ...,
        [-0.0029, -0.0597, -0.0991,  ..., -0.0030, -0.0354, -0.0687],
        [ 0.0170, -0.0782, -0.0798,  ..., -0.0663, -0.0034, -0.0868],
        [-0.0899, -0.0058, -0.0515,  ..., -0.0620, -0.0676, -0.0130]]), 'fc3.bias': tensor([ 0.0171, -0.0170, -0.0042,  0.0159, -0.0298, -0.0502, -0.1026, -0.0455,
        -0.0995,  0.0050, -0.0538, -0.0213,  0.0138, -0.0618, -0.0925, -0.0466,
        -0.0459,  0.0012, -0.0828,  0.0086, -0.0216,  0.0054, -0.0779, -0.0248,
        -0.0508, -0.0728,  0.0154, -0.0214, -0.0998, -0.0250, -0.0119, -0.0467,
        -0.0762, -0.0782, -0.0285, -0.0139, -0.0343, -0.0601, -0.0452, -0.0381,
        -0.0938, -0.0041, -0.0051, -0.0318, -0.0804, -0.0465, -0.0559,  0.0169,
        -0.0246, -0.0136, -0.0502, -0.0122, -0.0754, -0.0279, -0.1029, -0.0658,
        -0.0210, -0.1038,  0.0164,  0.0082, -0.0309, -0.0084, -0.0097,  0.0120,
        -0.0743, -0.0538, -0.0840, -0.0430, -0.0743,  0.0164,  0.0155, -0.0672,
        -0.0545, -0.0503,  0.0038, -0.0003, -0.0222, -0.0991, -0.0598, -0.0022,
        -0.0288, -0.0001, -0.0188, -0.0077, -0.0751,  0.0118, -0.0730, -0.0333,
        -0.0881,  0.0136, -0.0024, -0.1064,  0.0005, -0.0918, -0.0772, -0.0521,
        -0.0741, -0.0476, -0.0382, -0.0439, -0.0425, -0.0214, -0.0976, -0.0977,
        -0.0885, -0.0124, -0.0010, -0.0966, -0.0651, -0.0889, -0.0980, -0.0115,
         0.0144, -0.0882, -0.0019, -0.0122, -0.0936, -0.1032, -0.0682, -0.0735,
        -0.0931, -0.0706, -0.0348, -0.0906, -0.0224, -0.0049, -0.0276,  0.0067]), 'batchNorm3.weight': tensor([1.0062, 1.0019, 0.9996, 0.9925, 1.0040, 0.9878, 0.9963, 0.9838, 0.9939,
        0.9912, 1.0090, 1.0093, 0.9851, 1.0004, 0.9941, 1.0045, 1.0139, 1.0084,
        0.9965, 0.9845, 0.9962, 0.9984, 1.0060, 0.9939, 0.9905, 0.9944, 0.9924,
        1.0193, 0.9996, 1.0045, 1.0007, 1.0067, 1.0076, 0.9971, 0.9954, 0.9929,
        1.0005, 0.9985, 1.0151, 0.9933, 0.9897, 0.9939, 1.0047, 0.9930, 1.0041,
        1.0197, 0.9945, 0.9974, 1.0061, 1.0141, 0.9957, 1.0097, 1.0101, 0.9977,
        0.9955, 0.9990, 1.0006, 1.0050, 1.0065, 1.0095, 0.9892, 0.9951, 0.9903,
        1.0096, 1.0030, 1.0010, 1.0016, 0.9931, 1.0034, 0.9866, 0.9977, 0.9991,
        1.0003, 1.0113, 1.0099, 1.0022, 0.9901, 0.9987, 1.0071, 1.0149, 0.9922,
        0.9976, 1.0117, 0.9876, 1.0074, 0.9880, 0.9876, 1.0014, 1.0066, 1.0075,
        1.0110, 1.0010, 1.0100, 1.0036, 0.9988, 1.0060, 1.0059, 1.0062, 0.9949,
        0.9910, 1.0132, 0.9965, 0.9934, 1.0034, 0.9913, 1.0074, 1.0195, 1.0077,
        1.0096, 0.9957, 1.0042, 1.0202, 0.9985, 1.0026, 1.0058, 1.0085, 0.9980,
        1.0013, 0.9944, 0.9962, 1.0033, 1.0065, 0.9880, 0.9969, 1.0028, 1.0052,
        0.9961, 1.0042, 0.9937, 1.0012, 1.0048, 0.9984, 0.9966, 1.0080, 0.9850,
        0.9947, 0.9959, 1.0025, 1.0038, 0.9950, 0.9984, 0.9906, 1.0021, 0.9898,
        1.0110, 0.9902, 0.9943, 1.0025, 1.0084, 1.0122, 1.0117, 1.0025, 1.0009,
        1.0035, 1.0086, 0.9823, 0.9992, 1.0091, 0.9898, 0.9967, 0.9983, 1.0009,
        1.0115, 1.0068, 0.9972, 1.0027, 0.9965, 1.0100, 1.0049, 1.0025, 1.0049,
        1.0012, 1.0087, 0.9877, 0.9952, 0.9921, 1.0015, 1.0082, 0.9987, 1.0004,
        1.0044, 1.0078, 1.0012, 1.0033, 0.9884, 1.0017, 0.9924, 0.9873, 0.9912,
        1.0062, 0.9975, 0.9987, 0.9898, 0.9927, 0.9933, 1.0146, 0.9909, 1.0073,
        0.9895, 0.9972, 0.9981, 1.0122, 1.0050, 0.9880, 1.0026, 1.0105, 0.9992,
        1.0014, 0.9937, 1.0014, 0.9819, 0.9994, 1.0024, 1.0000, 1.0028, 0.9994,
        1.0153, 0.9942, 1.0048, 0.9991, 0.9930, 1.0049, 0.9996, 1.0022, 1.0017,
        0.9970, 0.9911, 1.0054, 0.9989, 0.9992, 0.9965, 1.0056, 0.9874, 1.0121,
        0.9854, 1.0015, 1.0011, 1.0069, 1.0067, 0.9954, 1.0022, 0.9986, 0.9970,
        0.9971, 0.9869, 0.9962, 1.0052, 1.0079, 1.0034, 1.0049, 0.9978, 0.9994,
        0.9986, 0.9917, 1.0082, 0.9880, 1.0088, 1.0072, 0.9931, 0.9974, 1.0043,
        0.9932, 1.0081, 0.9988, 1.0017, 0.9954, 1.0061, 1.0097, 1.0046, 0.9906,
        1.0001, 1.0006, 1.0079, 0.9945, 0.9920, 1.0030, 0.9973, 0.9995, 1.0156,
        0.9999, 0.9785, 1.0131, 1.0147, 0.9952, 0.9939, 1.0085, 1.0014, 1.0086,
        1.0120, 1.0119, 0.9908, 1.0109, 0.9959, 0.9890, 0.9844, 1.0004, 1.0008,
        0.9998, 0.9955, 1.0034, 1.0007, 1.0190, 1.0092, 0.9994, 1.0061, 0.9973,
        1.0119, 1.0094, 1.0066, 0.9992, 1.0046, 0.9998, 1.0042, 0.9958, 0.9930,
        0.9863, 1.0186, 1.0021, 0.9954, 0.9957, 0.9984, 0.9921, 0.9993, 1.0099,
        1.0036, 1.0033, 1.0103, 1.0119, 1.0010, 0.9993, 0.9907, 1.0011, 1.0108,
        0.9996, 1.0051, 0.9921, 1.0024, 0.9960, 0.9908, 0.9966, 1.0125, 1.0003,
        1.0024, 0.9943, 0.9966, 0.9861, 1.0114, 0.9835, 1.0073, 0.9945, 0.9998,
        1.0044, 0.9960, 1.0014, 1.0021, 0.9928, 1.0000, 1.0020, 1.0077, 0.9889,
        1.0041, 1.0199, 0.9873, 1.0075, 1.0016, 0.9986, 1.0016, 1.0023, 1.0166,
        1.0057, 0.9920, 0.9987, 1.0013, 0.9981, 0.9961, 1.0106, 0.9915, 1.0121,
        0.9919, 1.0014, 1.0023, 1.0002, 1.0017, 0.9992, 0.9829, 1.0003, 0.9892,
        0.9971, 1.0060, 0.9991, 1.0045, 1.0036, 0.9980, 0.9968, 0.9885, 0.9948,
        1.0016, 0.9990, 1.0057, 1.0110, 1.0020, 1.0084, 0.9969, 0.9934, 1.0019,
        0.9927, 0.9977, 0.9931, 1.0011, 1.0081, 1.0140, 0.9887, 0.9923, 0.9892,
        1.0048, 0.9980, 0.9935, 1.0081, 1.0164, 1.0056, 0.9945, 1.0098, 1.0038,
        1.0053, 1.0042, 1.0053, 1.0092, 0.9999, 1.0010, 1.0190, 1.0159, 0.9964,
        1.0084, 1.0062, 1.0050, 0.9955, 0.9884, 1.0042, 0.9790, 1.0042, 0.9834,
        0.9850, 0.9901, 1.0085, 1.0116, 1.0145, 1.0031, 0.9992, 1.0057, 1.0141,
        0.9920, 1.0104, 0.9956, 1.0013, 1.0093, 0.9955, 1.0074, 1.0013, 0.9876,
        1.0019, 0.9895, 1.0045, 1.0127, 1.0116, 1.0072, 0.9911, 1.0020, 1.0057,
        1.0137, 1.0094, 0.9822, 0.9971, 1.0117, 0.9998, 1.0085, 1.0008, 1.0029,
        1.0004, 1.0107, 1.0095, 0.9906, 1.0039, 0.9925, 0.9971, 0.9906, 1.0069,
        0.9972, 1.0061, 1.0026, 1.0007, 0.9879, 1.0085, 1.0053, 1.0003, 0.9864,
        0.9985, 1.0041, 1.0137, 1.0038, 0.9944, 0.9980, 0.9885, 0.9932, 0.9907,
        1.0014, 1.0036, 0.9938, 1.0010, 1.0076, 1.0006, 0.9947, 1.0059]), 'batchNorm3.bias': tensor([ 1.3024e-02,  6.8721e-03,  7.2432e-04, -9.1227e-04,  5.6250e-03,
        -3.0359e-03,  4.0418e-03, -5.2858e-04,  8.4005e-03, -9.1516e-03,
         1.0233e-02,  9.5367e-03,  1.2146e-03,  1.0468e-02, -5.4559e-03,
         1.1334e-02,  1.4220e-02, -2.2756e-04,  3.4449e-03, -4.9016e-03,
        -6.4254e-04, -1.5445e-03, -2.8984e-03, -4.8591e-03,  4.1948e-03,
         5.4960e-05, -6.2021e-03,  1.7746e-02,  9.9168e-03,  1.0938e-02,
         1.7843e-03,  1.0448e-02,  7.9018e-03, -3.6728e-04, -1.3611e-04,
         5.4371e-03,  6.6094e-03,  3.2082e-03,  2.0510e-02, -9.0664e-03,
         4.7993e-03, -4.1593e-03,  3.5786e-03, -1.5486e-02,  5.7134e-03,
         1.7383e-02,  6.5879e-03,  4.8736e-03,  8.8708e-03,  2.1734e-02,
         6.0101e-03,  1.1093e-02,  1.3999e-02,  2.2105e-03, -2.5011e-03,
         8.7396e-03,  1.0260e-02,  1.0342e-02, -2.0750e-03,  5.1726e-05,
        -1.5697e-03,  7.7667e-03, -8.3439e-03,  6.3952e-03,  1.0535e-02,
        -4.2848e-04,  1.0382e-02, -1.4393e-03,  8.7417e-03, -1.5177e-03,
         4.0035e-03, -4.1583e-03,  2.1503e-02,  1.4169e-02,  1.0552e-03,
         7.0377e-03, -7.5988e-04,  8.7892e-03,  9.2254e-03,  2.5721e-02,
        -2.7674e-03,  4.7044e-03,  2.0570e-02,  3.4663e-06,  6.8062e-03,
        -1.4843e-03,  1.2285e-02,  4.4517e-03,  1.2439e-02, -1.3599e-03,
         1.5252e-02, -1.0829e-03,  6.0132e-03,  1.4164e-02,  5.6637e-03,
         8.3124e-03,  3.2119e-03,  1.1873e-02,  5.3482e-03,  2.1726e-03,
         6.6455e-03,  7.9712e-03,  7.0315e-03,  6.7160e-03, -8.8592e-03,
         1.2425e-02,  1.3402e-02,  1.7170e-02,  1.5683e-02,  2.7321e-03,
         1.0005e-02,  2.1870e-02,  1.7209e-03, -2.0791e-03,  1.1092e-02,
         1.5984e-02,  3.8259e-03,  5.8807e-03,  9.0574e-04,  5.3304e-03,
         1.0064e-02,  8.8565e-03, -7.0041e-03,  9.7201e-03,  1.0478e-02,
         1.2805e-02, -4.9840e-03,  2.2373e-03, -3.6999e-03,  7.2026e-03,
         5.5090e-03,  5.8106e-04,  9.7796e-03,  6.8308e-03, -1.3010e-02,
         1.2220e-02,  1.1011e-02,  6.6440e-03,  1.1064e-02, -3.1066e-03,
         5.2642e-03, -4.1928e-03,  9.5683e-03, -3.2008e-03,  3.3543e-03,
        -1.8356e-04, -4.0990e-03,  3.0774e-03, -5.9160e-03,  1.8510e-02,
         1.1534e-02,  1.1063e-02,  6.3975e-03,  5.2093e-03,  1.3091e-02,
        -1.3744e-03,  5.8221e-03,  4.8036e-03, -4.1161e-03,  2.4836e-03,
         5.9735e-03,  5.8273e-03,  3.2529e-03,  1.5404e-02, -1.6081e-03,
         1.4522e-02,  4.4950e-04,  7.3370e-03,  1.6835e-02,  1.0627e-02,
         1.5826e-02,  2.2149e-03,  4.4321e-03, -9.8072e-03, -3.3719e-03,
         3.4514e-03, -2.0246e-03,  6.1687e-03, -2.0257e-03, -4.2021e-04,
         4.2506e-03,  1.0757e-02, -6.7371e-03,  3.1809e-03,  1.5330e-02,
         2.2249e-03,  6.6529e-03,  3.3418e-03, -5.5998e-03,  1.7974e-02,
         6.2325e-04,  6.3485e-03, -1.3701e-03,  1.4663e-02,  7.4061e-03,
         1.6451e-02,  1.9107e-02,  1.2074e-02,  1.6373e-02,  7.4529e-03,
         8.2663e-03,  1.6685e-02,  1.8132e-02,  7.5301e-03,  1.3939e-02,
         1.4174e-02,  1.1525e-02,  2.9254e-03, -6.2289e-03,  2.8508e-03,
        -5.6825e-03,  1.8036e-03,  6.3943e-03,  9.9718e-03, -8.6734e-04,
         9.3673e-03,  1.7419e-02,  1.1704e-02,  4.3258e-04,  2.9017e-04,
         3.1223e-03,  8.4065e-03,  8.1807e-03,  3.0843e-03,  7.7438e-03,
         1.5729e-03,  1.2758e-02,  7.1297e-03,  1.4699e-02,  7.9230e-03,
         3.0422e-03,  6.4048e-03, -9.9731e-03,  1.9543e-02, -2.6941e-03,
         5.6429e-03,  1.5797e-02,  1.0693e-02,  1.7928e-02, -1.5706e-03,
         4.7267e-03,  4.7817e-03,  7.1002e-03,  6.9367e-03,  3.7215e-03,
         1.0381e-02,  1.5620e-03,  1.0973e-02,  5.4472e-03,  1.4704e-02,
         6.6018e-03, -6.9088e-03,  4.8518e-03,  9.9173e-03,  1.0745e-02,
         8.0370e-04,  6.2094e-03,  1.4440e-02,  1.1061e-03,  1.4416e-03,
         1.4471e-02,  4.9212e-03,  1.1670e-02,  3.8695e-03,  1.0267e-02,
        -8.0449e-04,  1.6936e-02,  8.3702e-03,  1.1110e-02, -4.1030e-03,
         1.6663e-02,  1.7260e-03,  1.8914e-04, -6.9509e-03,  1.4081e-02,
         7.5411e-03, -1.0645e-02,  2.4842e-03,  1.7960e-02, -6.7892e-03,
        -1.0729e-02,  1.5759e-02,  1.5666e-02,  8.6193e-03,  1.0795e-02,
         1.8557e-02,  8.5567e-03,  2.1564e-02,  1.8855e-02,  7.5422e-03,
         8.1107e-03,  3.6137e-03,  6.0676e-03, -4.0171e-03, -9.4131e-03,
         1.0764e-02,  3.3631e-03,  1.7014e-02, -1.7192e-03, -2.5007e-03,
         1.1235e-02, -2.9340e-03,  1.4899e-02,  9.4332e-03,  2.6277e-03,
         1.2767e-02,  9.2573e-03,  1.7061e-02,  8.7985e-03,  1.3615e-03,
         1.6710e-02,  6.6368e-03,  4.3921e-03,  1.8456e-03, -1.9104e-04,
         2.0031e-03,  8.9730e-03,  9.2863e-03,  8.1716e-03, -5.9401e-03,
         6.9721e-03, -4.8863e-03,  1.0350e-02,  1.2966e-02,  2.0209e-02,
         1.0262e-02,  1.6009e-02,  1.4856e-02,  1.6117e-02,  6.6640e-03,
         3.5461e-03,  7.6085e-03,  8.1117e-03, -5.3116e-03,  1.6858e-03,
         6.6629e-03,  4.1463e-03,  1.6072e-03, -7.5811e-03,  2.5909e-03,
         1.2625e-02,  2.9672e-03, -7.6968e-03,  4.2191e-03, -1.1448e-03,
        -4.6808e-03,  7.7699e-03,  2.8123e-03,  7.0514e-03,  7.7860e-03,
         4.7504e-03,  4.9436e-03, -3.7494e-03,  1.0708e-02,  2.0487e-03,
         5.9839e-04, -9.5194e-04,  1.1297e-04,  1.3483e-02, -1.0460e-02,
         8.9565e-03,  9.4306e-03, -6.4106e-03, -4.2515e-03, -2.9830e-04,
         1.2932e-02,  7.7257e-04,  8.1219e-03,  1.5006e-02,  7.0286e-03,
        -4.0979e-03,  8.6443e-03, -4.5088e-03,  1.1578e-02,  1.2599e-02,
         6.3358e-03, -1.7583e-03,  1.1506e-02, -1.0577e-02,  2.9306e-03,
         1.7766e-03,  9.1324e-03,  8.1715e-03,  2.6652e-03, -1.1330e-02,
         8.1645e-03, -1.2478e-03, -9.3163e-04,  5.1643e-03,  1.4109e-02,
         1.2101e-02, -3.2232e-03,  1.5455e-02, -2.8635e-03,  7.0415e-03,
        -6.1929e-03,  3.5161e-03, -2.2788e-03,  8.7237e-03,  1.0824e-02,
        -3.8061e-03,  3.7734e-03,  5.9623e-04,  8.3058e-03,  6.2031e-03,
         4.6591e-03,  1.0045e-03,  2.1602e-03,  5.1999e-03,  8.4382e-03,
         1.0486e-02, -4.2257e-03, -1.9001e-03, -4.8822e-03,  1.0095e-02,
        -2.5204e-03, -1.5779e-03,  1.1011e-02,  7.2498e-03,  1.4258e-03,
         6.8042e-03,  1.2227e-02,  1.1882e-02,  1.2653e-02,  8.0324e-03,
         1.3742e-02,  1.3848e-02,  2.3008e-03,  2.5321e-03,  1.2070e-02,
         1.1404e-02,  4.8416e-04,  1.2707e-02,  1.2596e-02, -5.3799e-06,
         4.8795e-03, -6.4535e-04,  9.2200e-03, -3.4881e-03, -2.9643e-03,
        -7.3917e-03, -1.2204e-02,  5.7581e-04,  1.1523e-02,  5.6654e-03,
         1.3424e-02,  7.9690e-03,  4.5000e-03,  1.5649e-02,  8.7441e-03,
         2.4177e-03,  1.9142e-02,  5.9149e-04,  4.2769e-03,  1.3947e-02,
         6.9226e-03,  7.8443e-03,  1.1050e-02,  9.8803e-03,  9.9272e-03,
        -1.9610e-03,  5.1492e-03,  1.9339e-02,  1.7287e-02,  6.6566e-03,
        -3.2586e-03,  1.2093e-02,  9.7862e-03,  1.1292e-02,  8.2403e-03,
        -1.1978e-02,  5.3047e-03,  1.0149e-02,  4.9031e-03,  7.2514e-03,
         7.4211e-04,  1.1180e-02,  7.4669e-03,  1.0930e-02,  1.1078e-02,
         8.8691e-03, -5.1500e-03, -8.6985e-03,  2.7451e-03,  1.7044e-03,
         9.9950e-03, -2.7878e-04,  2.0182e-02,  3.5580e-03,  6.1765e-03,
        -3.9262e-03,  1.3579e-02,  1.4804e-02,  1.0813e-03, -4.4557e-03,
         1.4229e-03, -1.1351e-03,  1.2789e-02,  6.2652e-03,  3.8269e-04,
         5.3632e-03,  5.5285e-03, -1.3954e-03, -1.7569e-03,  1.0895e-02,
         2.5585e-03,  2.9792e-03,  8.1357e-03,  1.2067e-02,  8.5921e-03,
        -6.9226e-03,  5.7932e-03]), 'batchNorm3.running_mean': tensor([-2.8240e-01,  1.5216e-01, -3.1198e-01, -2.7366e-01, -7.3786e-02,
         1.2018e-01,  4.0382e-01, -1.6174e-01, -1.0674e-02, -9.0578e-02,
         1.6135e-01, -2.4457e-01, -1.8074e-01, -1.1078e-01, -6.2958e-02,
        -3.1253e-01, -1.5469e-01,  1.3684e-01, -4.5587e-01, -2.0919e-01,
         2.1413e-01,  5.7687e-01,  2.2183e-02, -4.9143e-02, -2.1328e-01,
         2.4301e-02,  2.4180e-01,  2.0305e-01, -5.2254e-02, -4.3616e-01,
         9.8207e-02,  3.1168e-01,  6.4199e-01, -2.2493e-01,  1.5411e-01,
         3.1141e-01, -3.6554e-01, -2.4869e-01,  3.2211e-01, -4.4488e-02,
        -2.6509e-01, -2.6092e-01,  6.4468e-02,  4.9083e-01,  2.0641e-02,
        -1.2214e-01,  1.9421e-01,  1.1002e-01, -1.7816e-01,  4.4466e-01,
         2.7594e-02,  3.2989e-01, -3.1105e-01,  2.6062e-01,  9.1292e-02,
         3.4381e-03, -1.5612e-01, -3.4216e-02, -1.4273e-01,  5.2259e-02,
        -1.2090e-01, -5.6977e-03, -2.0345e-01, -1.5796e-01, -1.5406e-03,
         5.5905e-02, -1.8487e-01,  1.6677e-01,  1.6812e-01,  1.5772e-01,
         2.6198e-01, -3.6274e-01, -1.3804e-01, -5.7158e-01,  2.9002e-01,
         5.9671e-01, -3.6317e-01, -7.4056e-02,  2.4666e-01,  2.2178e-01,
         2.9540e-01,  4.2265e-01, -4.1091e-01, -6.0314e-03,  5.7298e-01,
        -9.9767e-02, -2.7365e-01,  1.6088e-01,  2.7888e-01, -2.2668e-01,
         7.4705e-02, -4.5049e-01,  4.3924e-02, -1.1527e-01,  4.9544e-01,
        -4.5034e-01,  4.8185e-02,  1.3055e-01,  2.2747e-01, -3.4405e-01,
         2.7696e-02,  4.4730e-02,  1.8173e-01,  2.1050e-01,  1.6427e-01,
         2.6618e-02,  1.2415e-01, -2.4982e-01,  6.1386e-03, -3.6606e-02,
         4.7673e-01,  3.2099e-01,  1.8618e-01, -6.3026e-01,  3.1578e-01,
         3.5813e-01,  7.6421e-02,  1.0511e-01,  1.5793e-01, -2.9836e-01,
         2.0309e-02, -2.4408e-01, -6.1966e-02, -2.2158e-01, -2.3946e-01,
         3.2203e-01, -1.5470e-01,  2.9644e-01,  3.9017e-02,  4.3258e-02,
        -4.1735e-01,  1.8919e-01, -1.0678e-01,  3.0553e-01,  3.2120e-01,
        -2.7344e-01, -1.1033e-01,  2.2789e-02, -5.6614e-02, -3.2288e-01,
         1.3255e-01, -8.8981e-03, -1.6368e-02, -1.4080e-02,  2.9998e-01,
        -2.0985e-01, -7.7395e-03,  3.9121e-01, -1.5705e-01, -4.0131e-01,
         2.9710e-02, -2.9265e-01, -2.7633e-01,  9.2720e-02,  1.9876e-01,
        -2.0711e-01, -2.1328e-01,  8.6146e-02, -8.4837e-02, -7.5796e-02,
         7.4453e-02, -4.4369e-01, -3.9801e-01, -3.8403e-01, -1.8494e-01,
        -2.6047e-02, -1.5257e-01,  7.7886e-02,  1.4684e-01,  3.6518e-01,
        -1.2840e-01,  2.6355e-02, -1.6725e-01,  1.6631e-01,  1.9272e-01,
         3.3664e-01,  1.8698e-01,  1.9592e-01, -4.9926e-01, -5.0650e-02,
        -4.9164e-02, -7.0107e-02,  5.5298e-01, -6.4110e-02,  4.8365e-02,
        -1.8208e-01,  4.1296e-01, -1.4378e-01, -6.7828e-02, -1.8384e-01,
         1.4691e-01,  3.4170e-01,  1.3917e-01,  4.9030e-01,  5.2830e-01,
         2.8298e-01, -7.1973e-02,  1.3379e-01,  4.2526e-01,  4.1977e-02,
        -1.2370e-01,  1.9116e-01,  2.9114e-02, -4.6017e-04, -1.8921e-01,
        -3.0056e-02,  3.1704e-01,  5.7768e-02, -1.6266e-01, -5.5686e-01,
        -9.0820e-02,  2.1235e-01, -1.6479e-01,  1.8797e-01, -2.4097e-01,
         2.2138e-03,  5.9839e-02, -1.0495e-01,  3.6160e-01,  2.7348e-01,
        -1.6550e-02, -2.3344e-02,  2.2822e-01, -6.9965e-02, -3.9088e-01,
         1.7203e-02,  5.8004e-02,  1.5275e-02,  1.1360e-01,  1.4399e-01,
         2.3037e-01,  3.7785e-01,  7.4427e-02, -1.2242e-01, -1.0607e-01,
         1.1990e-01, -9.6688e-02, -8.2703e-02, -1.2218e-01,  2.0085e-01,
         2.2332e-01, -1.7835e-01,  1.1863e-01, -1.5228e-01, -3.3774e-01,
         5.2157e-01, -9.2129e-02,  3.2607e-01, -2.1802e-01,  2.0488e-01,
         1.2010e-01, -3.6137e-01,  8.0539e-02,  2.1520e-01,  5.1206e-01,
         5.3664e-01,  2.3832e-01,  1.6771e-02,  1.0099e-02, -2.7286e-01,
        -2.6108e-01, -1.5901e-01,  3.9853e-01, -7.1893e-02, -1.0754e-01,
        -6.3305e-02, -1.1601e-01, -1.5682e-01, -1.0872e-01, -4.3157e-01,
         4.2060e-01, -2.7585e-02, -1.9720e-01, -2.0498e-01,  1.4453e-01,
        -3.9127e-01,  4.2729e-02, -1.3235e-01,  1.3880e-01,  8.0736e-03,
         1.1734e-02,  2.6246e-01, -5.9350e-02,  1.9146e-01,  2.5510e-01,
         6.7590e-02, -2.6094e-01, -1.6929e-01,  2.6570e-01,  1.1129e-01,
        -3.9652e-03,  3.4134e-01,  3.4194e-01, -8.8091e-02, -7.8613e-02,
         2.7664e-01, -6.4929e-01,  2.2515e-01, -6.4331e-01,  3.0653e-02,
        -2.3960e-01,  1.4936e-02,  1.5235e-01, -2.4493e-02,  2.3905e-01,
        -2.9262e-01,  3.9717e-02, -2.0627e-01, -2.5460e-01, -1.2606e-01,
         4.9536e-01, -9.5906e-02, -1.0389e-01,  1.2411e-01, -8.2162e-02,
        -3.0770e-02,  9.1925e-02,  7.2347e-02,  1.6006e-01, -1.4044e-01,
         3.8425e-01, -2.2611e-01,  9.4956e-02,  3.1409e-01, -2.4627e-01,
         4.2552e-02,  2.3355e-01,  1.4594e-02,  9.5881e-02, -4.4058e-01,
        -1.4586e-01,  9.3198e-02,  2.6975e-02,  1.4019e-01,  1.5734e-01,
        -6.0072e-02, -2.2287e-01, -2.8335e-01,  3.7936e-01, -2.7838e-02,
        -1.8795e-01, -2.7626e-02, -2.3128e-02,  2.1963e-01, -1.4468e-01,
        -2.7399e-02,  1.4730e-01, -2.6498e-01,  1.5236e-01,  1.5682e-01,
         2.2174e-01, -1.0409e-01, -2.1235e-01, -3.8328e-01, -2.0542e-01,
        -1.0979e-01,  8.8581e-02,  8.3510e-02,  6.3164e-02, -2.1255e-01,
         2.3775e-01,  3.9357e-01,  4.7463e-03,  1.2494e-01,  2.4818e-01,
        -3.3910e-01,  3.6423e-01,  1.8617e-01, -1.1020e-01, -1.4171e-03,
         2.9451e-01,  1.5466e-01,  3.1045e-01,  5.1466e-02,  1.5036e-01,
         2.5480e-01, -2.7200e-01, -1.9553e-01, -8.1861e-02,  9.3086e-02,
        -3.2480e-01, -1.0582e-01,  1.2259e-01, -4.4797e-02, -7.4034e-03,
        -7.4152e-04, -2.6043e-01, -4.1712e-01,  3.4860e-01,  1.9428e-01,
         2.6399e-01,  4.7607e-01, -3.8938e-01, -2.2277e-01, -1.3314e-01,
         1.2689e-01,  2.6612e-01, -1.8433e-01, -1.4896e-01,  5.5991e-01,
         1.7401e-01, -1.6397e-01,  1.3239e-01, -2.3232e-01, -1.0860e-01,
         1.9633e-01,  2.0086e-01, -2.7204e-01,  3.2559e-01, -3.9430e-01,
        -3.9526e-01, -3.7231e-03, -2.3811e-01,  1.7458e-01,  1.6128e-01,
         1.5284e-01,  1.9641e-01,  2.3968e-01,  3.1690e-01, -3.3325e-02,
         3.4498e-01, -3.1249e-01, -2.0349e-01,  3.5063e-01,  5.6067e-02,
         4.4600e-01, -1.9465e-01, -9.1080e-02,  4.7618e-02, -8.9151e-02,
         4.0786e-01, -8.3038e-02,  1.9838e-01, -3.9727e-01, -1.6441e-01,
         5.1520e-01,  1.9963e-01,  2.7002e-01, -5.7753e-02,  1.5577e-01,
        -2.2002e-01, -2.5444e-01, -8.8212e-02, -8.3213e-02, -3.3983e-01,
        -2.8061e-01, -3.0857e-01,  8.8867e-02,  3.4727e-02, -7.1923e-02,
         2.2508e-02,  2.0225e-01,  3.5640e-01, -2.0769e-01, -4.2069e-02,
        -8.2355e-02, -3.1871e-02, -3.0908e-01, -2.1495e-01,  4.6793e-02,
         1.3568e-02,  2.4894e-01, -1.0432e-01, -6.1097e-02,  1.2638e-01,
         2.1525e-01,  1.3183e-01,  5.1886e-01,  1.4882e-01, -4.4022e-01,
         8.4590e-02,  5.9742e-02, -3.4338e-02,  5.5636e-02,  2.9543e-01,
         1.9056e-01,  1.9414e-01, -4.2465e-01,  4.6367e-02,  1.5557e-02,
        -2.2099e-01, -6.4613e-03,  9.5413e-02,  1.5944e-01,  1.0060e-01,
         5.7915e-01,  1.3021e-01, -1.1243e-02, -4.4122e-02,  5.5661e-02,
         1.5783e-01,  5.0929e-01,  2.4522e-02,  4.9488e-02, -1.0491e-01,
        -1.7760e-01, -1.1888e-01, -1.3923e-01, -2.6095e-01, -3.8242e-01,
         1.6057e-01, -2.4695e-01, -8.0930e-02, -8.1776e-02, -2.9197e-02,
         3.0716e-02, -9.0617e-02, -3.2739e-02, -2.4896e-02,  1.0752e-01,
        -2.7616e-01,  2.4551e-01]), 'batchNorm3.running_var': tensor([3.3573e-07, 3.2595e-07, 2.3092e-07, 2.1801e-07, 2.7472e-07, 2.0053e-07,
        2.7577e-07, 2.7289e-07, 3.1234e-07, 2.8904e-07, 3.0493e-07, 3.5582e-07,
        1.9972e-07, 2.4599e-07, 2.4563e-07, 3.4247e-07, 3.2196e-07, 2.5528e-07,
        2.6490e-07, 2.2309e-07, 2.8897e-07, 3.0834e-07, 3.6535e-07, 3.1366e-07,
        2.7463e-07, 2.2935e-07, 2.6271e-07, 3.2001e-07, 3.6642e-07, 3.5624e-07,
        2.7638e-07, 4.0628e-07, 3.5842e-07, 2.7945e-07, 2.7181e-07, 2.6239e-07,
        3.4323e-07, 2.6982e-07, 2.9730e-07, 2.7716e-07, 2.8307e-07, 2.6074e-07,
        3.4021e-07, 3.2970e-07, 2.9496e-07, 3.6900e-07, 2.4161e-07, 3.4012e-07,
        2.9824e-07, 3.7793e-07, 3.2651e-07, 2.8803e-07, 3.5536e-07, 2.4156e-07,
        2.9001e-07, 3.1385e-07, 2.8064e-07, 3.7351e-07, 2.5967e-07, 3.1917e-07,
        2.9351e-07, 3.1928e-07, 2.7569e-07, 3.8585e-07, 2.9552e-07, 4.2307e-07,
        3.0760e-07, 2.7495e-07, 2.7161e-07, 1.7478e-07, 2.4794e-07, 3.5258e-07,
        3.3408e-07, 3.9136e-07, 3.3051e-07, 2.8063e-07, 2.6902e-07, 2.8944e-07,
        4.0092e-07, 3.5222e-07, 2.4228e-07, 2.6110e-07, 3.2678e-07, 2.1398e-07,
        4.1967e-07, 2.7585e-07, 2.4305e-07, 2.9485e-07, 2.9270e-07, 2.8919e-07,
        3.6811e-07, 3.2177e-07, 4.0190e-07, 3.0873e-07, 2.9044e-07, 2.9708e-07,
        2.7568e-07, 2.7195e-07, 2.9673e-07, 2.1140e-07, 3.7038e-07, 2.8801e-07,
        3.3261e-07, 2.8033e-07, 2.6674e-07, 3.3356e-07, 5.1702e-07, 2.9396e-07,
        4.2313e-07, 2.7121e-07, 3.1884e-07, 3.8700e-07, 3.5636e-07, 3.6581e-07,
        3.2719e-07, 3.2381e-07, 3.1099e-07, 2.3942e-07, 2.5749e-07, 2.9176e-07,
        3.2735e-07, 2.3248e-07, 2.2256e-07, 3.0281e-07, 3.2616e-07, 3.2492e-07,
        2.8474e-07, 3.4884e-07, 2.5763e-07, 3.7943e-07, 3.8176e-07, 2.4498e-07,
        3.1504e-07, 3.4073e-07, 2.1702e-07, 3.1312e-07, 2.9130e-07, 3.6722e-07,
        2.4504e-07, 3.1142e-07, 2.4960e-07, 2.5989e-07, 3.1106e-07, 1.9900e-07,
        3.1067e-07, 2.5942e-07, 2.8967e-07, 2.9224e-07, 3.2189e-07, 3.4796e-07,
        2.9612e-07, 3.3486e-07, 3.1632e-07, 2.7420e-07, 3.2888e-07, 2.1041e-07,
        2.9919e-07, 3.6420e-07, 2.1749e-07, 3.0168e-07, 2.6362e-07, 2.9683e-07,
        3.1144e-07, 3.3163e-07, 2.6864e-07, 3.4384e-07, 2.7819e-07, 3.0958e-07,
        3.2174e-07, 3.1013e-07, 3.9094e-07, 2.6453e-07, 3.0937e-07, 2.6689e-07,
        2.4605e-07, 2.3428e-07, 2.7879e-07, 3.7456e-07, 3.2394e-07, 3.3723e-07,
        2.8671e-07, 3.3439e-07, 3.2778e-07, 2.3168e-07, 2.1676e-07, 3.6634e-07,
        2.6755e-07, 2.4581e-07, 2.4921e-07, 3.6752e-07, 3.1275e-07, 3.4094e-07,
        2.9298e-07, 2.4877e-07, 2.7238e-07, 3.1700e-07, 2.1690e-07, 3.8170e-07,
        2.7807e-07, 2.4352e-07, 2.5668e-07, 3.0573e-07, 2.5752e-07, 2.4999e-07,
        3.0452e-07, 3.6506e-07, 3.1634e-07, 3.2038e-07, 2.1055e-07, 2.6142e-07,
        1.9751e-07, 3.1622e-07, 4.1958e-07, 2.6789e-07, 2.9092e-07, 3.2133e-07,
        3.9864e-07, 2.3987e-07, 2.1664e-07, 3.3051e-07, 2.2435e-07, 3.8009e-07,
        3.0283e-07, 3.7556e-07, 2.6714e-07, 3.1339e-07, 2.7730e-07, 3.5648e-07,
        2.7194e-07, 3.0478e-07, 2.9683e-07, 3.4958e-07, 2.2337e-07, 3.0748e-07,
        2.7967e-07, 2.6385e-07, 2.6103e-07, 3.6749e-07, 4.6416e-07, 2.8181e-07,
        3.0064e-07, 3.3249e-07, 2.7096e-07, 2.7931e-07, 2.9178e-07, 2.2441e-07,
        3.3433e-07, 3.4299e-07, 3.1154e-07, 3.2134e-07, 3.1933e-07, 2.8562e-07,
        2.6709e-07, 2.7542e-07, 2.7500e-07, 2.9012e-07, 3.7002e-07, 2.4982e-07,
        1.9707e-07, 2.5387e-07, 3.3615e-07, 2.8553e-07, 3.1646e-07, 2.4365e-07,
        2.6610e-07, 3.6155e-07, 3.6299e-07, 3.0581e-07, 3.1478e-07, 2.7762e-07,
        3.3395e-07, 2.2853e-07, 3.7337e-07, 2.7318e-07, 2.4511e-07, 2.6077e-07,
        3.2113e-07, 3.0524e-07, 3.2618e-07, 2.4019e-07, 1.6113e-07, 4.0280e-07,
        3.7516e-07, 3.0615e-07, 2.2298e-07, 3.7990e-07, 3.4596e-07, 3.1347e-07,
        3.7589e-07, 3.3449e-07, 3.1853e-07, 3.4343e-07, 3.5406e-07, 2.0431e-07,
        2.1912e-07, 3.2950e-07, 3.4910e-07, 2.0877e-07, 2.6462e-07, 3.2701e-07,
        2.7859e-07, 3.6019e-07, 2.8605e-07, 3.1495e-07, 3.9102e-07, 2.8166e-07,
        3.6219e-07, 3.2190e-07, 3.2557e-07, 2.7162e-07, 3.2993e-07, 2.0245e-07,
        2.3739e-07, 3.2103e-07, 2.0661e-07, 2.5390e-07, 4.0488e-07, 3.3121e-07,
        2.8364e-07, 2.0344e-07, 2.4201e-07, 2.4436e-07, 2.2174e-07, 3.3143e-07,
        2.8555e-07, 3.3727e-07, 3.6130e-07, 3.6331e-07, 2.9288e-07, 2.6604e-07,
        3.0508e-07, 2.5750e-07, 2.9481e-07, 3.0614e-07, 2.2606e-07, 3.1771e-07,
        3.5633e-07, 2.9865e-07, 2.4617e-07, 2.4775e-07, 3.6144e-07, 3.9922e-07,
        3.0124e-07, 2.1252e-07, 2.5160e-07, 2.2391e-07, 3.2416e-07, 2.1160e-07,
        2.6006e-07, 2.5190e-07, 3.5389e-07, 3.5818e-07, 2.7538e-07, 3.2074e-07,
        3.2932e-07, 2.8035e-07, 3.6030e-07, 2.5414e-07, 3.3444e-07, 2.6243e-07,
        3.3204e-07, 4.1897e-07, 2.1766e-07, 3.7128e-07, 2.6065e-07, 2.4406e-07,
        3.2843e-07, 2.8659e-07, 3.2460e-07, 3.0076e-07, 2.1913e-07, 2.8515e-07,
        3.8830e-07, 2.4510e-07, 3.3120e-07, 3.6628e-07, 2.1453e-07, 3.9198e-07,
        3.5040e-07, 3.1719e-07, 3.0287e-07, 2.9268e-07, 2.5267e-07, 2.5384e-07,
        1.9295e-07, 3.4668e-07, 2.5010e-07, 2.7672e-07, 2.5895e-07, 2.6758e-07,
        3.0507e-07, 3.1951e-07, 3.2511e-07, 2.5828e-07, 2.7627e-07, 2.2982e-07,
        2.8633e-07, 2.6181e-07, 2.9688e-07, 3.4324e-07, 3.0608e-07, 4.2056e-07,
        2.7727e-07, 2.9538e-07, 2.4933e-07, 3.0733e-07, 2.5393e-07, 3.0776e-07,
        3.3977e-07, 4.4532e-07, 4.2417e-07, 3.1998e-07, 3.1636e-07, 2.1481e-07,
        3.0144e-07, 2.8289e-07, 2.4981e-07, 3.9962e-07, 3.4884e-07, 3.4002e-07,
        2.8450e-07, 3.8370e-07, 3.4891e-07, 3.0670e-07, 3.2806e-07, 2.7003e-07,
        3.1673e-07, 3.0599e-07, 2.7586e-07, 4.0472e-07, 4.6299e-07, 2.8579e-07,
        3.4260e-07, 2.8221e-07, 3.3517e-07, 2.2516e-07, 2.5225e-07, 3.2548e-07,
        2.1395e-07, 3.5514e-07, 1.9560e-07, 2.8888e-07, 2.9511e-07, 3.6084e-07,
        2.8819e-07, 3.4541e-07, 3.0005e-07, 2.2988e-07, 3.0022e-07, 3.6772e-07,
        2.3294e-07, 3.8935e-07, 2.4346e-07, 3.6334e-07, 3.3399e-07, 2.8559e-07,
        2.7950e-07, 3.7494e-07, 2.2230e-07, 3.8803e-07, 2.8708e-07, 3.3356e-07,
        3.5663e-07, 3.4641e-07, 2.6079e-07, 2.5521e-07, 4.5228e-07, 3.1807e-07,
        3.8684e-07, 3.6569e-07, 2.1745e-07, 3.7584e-07, 3.5454e-07, 2.6194e-07,
        3.5107e-07, 3.2923e-07, 2.9420e-07, 2.3086e-07, 2.7437e-07, 2.5198e-07,
        2.2095e-07, 3.4196e-07, 2.6936e-07, 3.5883e-07, 2.7056e-07, 3.3531e-07,
        2.0959e-07, 3.0574e-07, 3.7597e-07, 3.1273e-07, 1.9527e-07, 2.9390e-07,
        3.4549e-07, 2.7486e-07, 2.1567e-07, 2.6577e-07, 3.3326e-07, 3.8090e-07,
        2.4111e-07, 2.9824e-07, 3.9092e-07, 1.8670e-07, 2.8499e-07, 2.5111e-07,
        3.5696e-07, 3.1136e-07, 2.4439e-07, 3.3799e-07, 3.9161e-07, 2.9029e-07,
        2.7777e-07, 3.7656e-07]), 'batchNorm3.num_batches_tracked': tensor(300), 'batchNorm4.weight': tensor([0.9733, 1.0540, 1.0563, 1.0597, 0.9800, 1.0613, 1.0629, 1.0545, 1.0621,
        1.0566, 1.0565, 1.0448, 1.0548, 0.9943, 1.0598, 1.0075, 1.0078, 0.9730,
        0.9768, 0.9951, 1.0582, 0.9855, 0.9996, 1.0680, 1.0596, 1.0586, 1.0500,
        0.9902, 0.9768, 1.0691, 0.9758, 1.0511, 0.9798, 1.0671, 0.9921, 0.9857,
        1.0047, 0.9892, 1.0525, 1.0647, 1.0556, 1.0575, 1.0633, 1.0634, 0.9849,
        0.9968, 1.0551, 1.0646, 1.0561, 0.9838, 1.0111, 0.9750, 1.0040, 1.0317,
        1.0596, 0.9837, 0.9754, 1.0690, 1.0619, 1.0649, 1.0615, 1.0686, 1.0490,
        1.0554, 0.9857, 1.0556, 0.9777, 1.0682, 1.0548, 1.0618, 1.0028, 1.0545,
        1.0548, 1.0658, 1.0555, 0.9883, 0.9896, 1.0560, 1.0558, 1.0690, 1.0387,
        1.0557, 1.0561, 1.0612, 1.0592, 1.0184, 1.0616, 1.0656, 1.0552, 1.0641,
        1.0546, 1.0083, 1.0693, 0.9761, 1.0568, 0.9749, 1.0573, 0.9837, 1.0583,
        1.0615, 1.0651, 0.9794, 1.0679, 1.0017, 1.0552, 1.0593, 0.9800, 1.0601,
        1.0546, 1.0549, 1.0596, 1.0528, 0.9870, 1.0556, 1.0603, 0.9753, 1.0567,
        1.0586, 1.0569, 1.0710, 1.0557, 1.0194, 1.0558, 0.9769, 1.0588, 1.0560,
        1.0545, 0.9987, 1.0553, 1.0631, 0.9797, 0.9828, 1.0681, 1.0705, 1.0562,
        0.9727, 1.0557, 1.0407, 1.0561, 1.0679, 1.0663, 0.9818, 0.9757, 0.9966,
        1.0595, 1.0539, 1.0602, 1.0584, 1.0573, 1.0699, 1.0057, 1.0706, 1.0541,
        1.0039, 1.0569, 1.0626, 0.9833, 1.0608, 0.9960, 1.0620, 1.0115, 1.0537,
        1.0572, 0.9989, 1.0553, 1.0590, 0.9780, 0.9812, 1.0679, 1.0577, 1.0654,
        1.0615, 1.0700, 1.0061, 1.0654, 1.0681, 1.0688, 1.0588, 1.0102, 1.0599,
        1.0677, 1.0702, 1.0551, 1.0314, 0.9849, 1.0573, 1.0656, 1.0565, 1.0392,
        1.0554, 1.0576, 1.0652, 1.0584, 0.9861, 0.9738, 1.0667, 1.0643, 1.0170,
        0.9951, 0.9816, 1.0562, 0.9832, 1.0035, 0.9770, 1.0637, 0.9721, 1.0558,
        1.0634, 0.9922, 0.9903, 0.9798, 1.0645, 1.0581, 1.0588, 1.0587, 1.0588,
        1.0148, 0.9803, 1.0548, 1.0151, 1.0570, 1.0186, 1.0584, 1.0634, 1.0614,
        1.0566, 0.9756, 1.0612, 1.0612, 1.0618, 1.0247, 1.0289, 0.9761, 1.0629,
        1.0519, 1.0572, 0.9918, 1.0272, 0.9796, 1.0572, 0.9840, 1.0656, 0.9792,
        1.0643, 1.0568, 0.9748, 1.0629, 1.0547, 1.0608, 1.0549, 1.0652, 1.0543,
        1.0568, 1.0563, 0.9829, 1.0549]), 'batchNorm4.bias': tensor([-0.0266,  0.0539,  0.0591,  0.0605, -0.0197,  0.0627,  0.0624,  0.0555,
         0.0632,  0.0573,  0.0563,  0.0493,  0.0553, -0.0048,  0.0612,  0.0092,
         0.0099, -0.0271, -0.0227, -0.0037,  0.0583, -0.0137,  0.0012,  0.0682,
         0.0600,  0.0585,  0.0513, -0.0093, -0.0233,  0.0712, -0.0236,  0.0520,
        -0.0202,  0.0680, -0.0071, -0.0139,  0.0053, -0.0103,  0.0534,  0.0652,
         0.0555,  0.0581,  0.0647,  0.0650, -0.0144, -0.0026,  0.0548,  0.0649,
         0.0559, -0.0157,  0.0112, -0.0247,  0.0044,  0.0332,  0.0607, -0.0162,
        -0.0244,  0.0688,  0.0632,  0.0665,  0.0612,  0.0693,  0.0506,  0.0557,
        -0.0140,  0.0557, -0.0218,  0.0712,  0.0553,  0.0622,  0.0031,  0.0545,
         0.0551,  0.0665,  0.0564, -0.0110, -0.0104,  0.0569,  0.0565,  0.0694,
         0.0416,  0.0559,  0.0560,  0.0614,  0.0595,  0.0204,  0.0612,  0.0656,
         0.0553,  0.0638,  0.0550,  0.0096,  0.0697, -0.0238,  0.0572, -0.0251,
         0.0570, -0.0160,  0.0590,  0.0623,  0.0655, -0.0206,  0.0694,  0.0034,
         0.0549,  0.0595, -0.0195,  0.0598,  0.0551,  0.0554,  0.0600,  0.0552,
        -0.0124,  0.0565,  0.0599, -0.0246,  0.0571,  0.0586,  0.0582,  0.0719,
         0.0562,  0.0198,  0.0566, -0.0225,  0.0597,  0.0567,  0.0547, -0.0003,
         0.0554,  0.0638, -0.0198, -0.0173,  0.0683,  0.0714,  0.0564, -0.0270,
         0.0557,  0.0424,  0.0563,  0.0678,  0.0667, -0.0179, -0.0246, -0.0025,
         0.0604,  0.0545,  0.0599,  0.0591,  0.0580,  0.0700,  0.0069,  0.0713,
         0.0554,  0.0050,  0.0577,  0.0620, -0.0164,  0.0616, -0.0032,  0.0630,
         0.0129,  0.0544,  0.0581, -0.0011,  0.0559,  0.0607, -0.0220, -0.0186,
         0.0693,  0.0581,  0.0655,  0.0629,  0.0698,  0.0072,  0.0652,  0.0680,
         0.0691,  0.0590,  0.0108,  0.0600,  0.0683,  0.0698,  0.0551,  0.0319,
        -0.0145,  0.0574,  0.0664,  0.0573,  0.0426,  0.0560,  0.0583,  0.0670,
         0.0594, -0.0136, -0.0260,  0.0669,  0.0668,  0.0207, -0.0040, -0.0177,
         0.0568, -0.0168,  0.0038, -0.0226,  0.0639, -0.0274,  0.0566,  0.0637,
        -0.0073, -0.0090, -0.0203,  0.0650,  0.0586,  0.0595,  0.0581,  0.0597,
         0.0163, -0.0193,  0.0551,  0.0168,  0.0571,  0.0192,  0.0585,  0.0645,
         0.0615,  0.0566, -0.0242,  0.0621,  0.0611,  0.0622,  0.0272,  0.0329,
        -0.0241,  0.0630,  0.0533,  0.0568, -0.0074,  0.0278, -0.0204,  0.0575,
        -0.0158,  0.0655, -0.0205,  0.0644,  0.0571, -0.0250,  0.0632,  0.0557,
         0.0610,  0.0563,  0.0669,  0.0553,  0.0584,  0.0568, -0.0168,  0.0554]), 'batchNorm4.running_mean': tensor([ 0.0797, -0.2103,  0.0014, -0.0641, -0.0249, -0.0425, -0.1154, -0.0794,
        -0.0625, -0.0260, -0.1071, -0.0169, -0.1323,  0.1490, -0.1264, -0.0297,
        -0.1166,  0.0911,  0.0898,  0.1020, -0.0414,  0.0613, -0.0516, -0.0530,
        -0.1258, -0.1097, -0.0682, -0.0738, -0.0038, -0.0502,  0.0554, -0.0466,
        -0.0380, -0.1481, -0.0251,  0.0092,  0.0447,  0.0130, -0.0514, -0.1197,
        -0.0674, -0.1164, -0.1247, -0.1263, -0.0138,  0.0384, -0.0563, -0.1275,
        -0.0438, -0.0648, -0.0043,  0.0764,  0.0211, -0.0807, -0.1963,  0.0047,
        -0.0413, -0.0105, -0.1769, -0.0909, -0.1366, -0.1127, -0.1314, -0.1595,
        -0.0350, -0.1136,  0.0812, -0.0866, -0.0383, -0.0838,  0.0026, -0.1353,
        -0.0892, -0.0826, -0.0339, -0.0510, -0.0339, -0.1059, -0.0936, -0.0832,
        -0.0929, -0.1316, -0.1584, -0.0639, -0.0722,  0.0308, -0.0934, -0.0798,
        -0.0683, -0.1274, -0.0384, -0.0221, -0.0819, -0.0659, -0.1413,  0.0547,
        -0.0366, -0.0182, -0.1159, -0.0981, -0.0713,  0.0850, -0.1266, -0.0673,
        -0.0222, -0.1132,  0.0347, -0.1391, -0.0168, -0.0660, -0.0498, -0.1666,
        -0.0300, -0.1068, -0.0427,  0.0055, -0.0934,  0.0133, -0.0772, -0.1087,
        -0.1381, -0.0354, -0.1012, -0.0550, -0.0966, -0.1984, -0.0625,  0.0626,
        -0.1449, -0.0109,  0.0440,  0.0561, -0.1352, -0.1224, -0.0981,  0.0285,
        -0.1184, -0.1951, -0.0306, -0.0180, -0.0182, -0.1097,  0.0248, -0.0389,
        -0.0778, -0.0504, -0.0297, -0.1389, -0.0733, -0.0586, -0.0144, -0.1874,
        -0.1206,  0.0259, -0.1200, -0.1085,  0.0101, -0.0813, -0.0415, -0.1110,
        -0.0254, -0.1158, -0.0938, -0.0627, -0.1741,  0.0363,  0.0429,  0.0022,
        -0.1535,  0.0020, -0.1607, -0.1342, -0.0971, -0.0523, -0.1068, -0.0709,
        -0.0719, -0.2198,  0.0149, -0.1014, -0.1217, -0.0685, -0.1983, -0.1591,
         0.0006, -0.1176, -0.1608, -0.0184, -0.0280, -0.0387, -0.1620, -0.1249,
        -0.1295, -0.0058,  0.0654, -0.1146, -0.1078,  0.0294, -0.0265, -0.0569,
        -0.1417,  0.0238, -0.0496,  0.0741, -0.1449, -0.0350, -0.0597, -0.2228,
         0.0036,  0.0922, -0.1275, -0.0968, -0.0236,  0.1135, -0.1045, -0.1385,
         0.0030, -0.0486, -0.0500, -0.0298, -0.0435, -0.0282, -0.1165, -0.0485,
        -0.0217, -0.1338,  0.0995, -0.1487, -0.0292, -0.0376, -0.0559,  0.0174,
         0.0171, -0.0513, -0.1362, -0.0623,  0.0394, -0.1058,  0.0245, -0.1247,
        -0.0099, -0.0896,  0.1044, -0.1907, -0.1522, -0.0586, -0.1805, -0.0764,
        -0.0205, -0.1812, -0.2010, -0.0677,  0.0632, -0.0967, -0.0841, -0.0654]), 'batchNorm4.running_var': tensor([0.0078, 0.0130, 0.0089, 0.0080, 0.0066, 0.0072, 0.0101, 0.0137, 0.0075,
        0.0125, 0.0126, 0.0065, 0.0135, 0.0043, 0.0072, 0.0047, 0.0052, 0.0082,
        0.0071, 0.0066, 0.0109, 0.0072, 0.0045, 0.0091, 0.0102, 0.0099, 0.0080,
        0.0049, 0.0052, 0.0096, 0.0066, 0.0079, 0.0060, 0.0091, 0.0046, 0.0055,
        0.0054, 0.0062, 0.0081, 0.0099, 0.0123, 0.0131, 0.0086, 0.0106, 0.0071,
        0.0054, 0.0139, 0.0111, 0.0120, 0.0058, 0.0065, 0.0072, 0.0053, 0.0060,
        0.0065, 0.0048, 0.0100, 0.0090, 0.0086, 0.0107, 0.0087, 0.0101, 0.0084,
        0.0135, 0.0052, 0.0137, 0.0106, 0.0097, 0.0143, 0.0091, 0.0054, 0.0132,
        0.0135, 0.0072, 0.0113, 0.0059, 0.0056, 0.0128, 0.0112, 0.0112, 0.0061,
        0.0152, 0.0118, 0.0101, 0.0088, 0.0052, 0.0096, 0.0079, 0.0130, 0.0090,
        0.0151, 0.0053, 0.0090, 0.0077, 0.0125, 0.0088, 0.0137, 0.0055, 0.0128,
        0.0094, 0.0083, 0.0072, 0.0114, 0.0058, 0.0143, 0.0108, 0.0065, 0.0115,
        0.0138, 0.0145, 0.0092, 0.0084, 0.0048, 0.0129, 0.0111, 0.0066, 0.0072,
        0.0116, 0.0097, 0.0090, 0.0124, 0.0057, 0.0062, 0.0058, 0.0111, 0.0124,
        0.0127, 0.0058, 0.0133, 0.0112, 0.0072, 0.0065, 0.0099, 0.0094, 0.0112,
        0.0073, 0.0126, 0.0079, 0.0137, 0.0090, 0.0078, 0.0065, 0.0079, 0.0053,
        0.0117, 0.0143, 0.0138, 0.0106, 0.0107, 0.0089, 0.0069, 0.0077, 0.0132,
        0.0059, 0.0111, 0.0096, 0.0046, 0.0095, 0.0047, 0.0099, 0.0062, 0.0161,
        0.0121, 0.0058, 0.0168, 0.0084, 0.0070, 0.0059, 0.0089, 0.0123, 0.0083,
        0.0086, 0.0070, 0.0063, 0.0087, 0.0079, 0.0099, 0.0100, 0.0048, 0.0109,
        0.0077, 0.0089, 0.0142, 0.0078, 0.0057, 0.0105, 0.0093, 0.0125, 0.0053,
        0.0126, 0.0075, 0.0079, 0.0102, 0.0050, 0.0073, 0.0103, 0.0094, 0.0063,
        0.0060, 0.0053, 0.0114, 0.0066, 0.0049, 0.0064, 0.0135, 0.0073, 0.0135,
        0.0119, 0.0048, 0.0059, 0.0067, 0.0082, 0.0124, 0.0125, 0.0107, 0.0093,
        0.0059, 0.0070, 0.0152, 0.0049, 0.0128, 0.0046, 0.0121, 0.0097, 0.0084,
        0.0116, 0.0059, 0.0091, 0.0100, 0.0106, 0.0061, 0.0070, 0.0072, 0.0103,
        0.0073, 0.0126, 0.0050, 0.0067, 0.0081, 0.0120, 0.0072, 0.0098, 0.0077,
        0.0094, 0.0094, 0.0082, 0.0105, 0.0160, 0.0090, 0.0074, 0.0080, 0.0141,
        0.0117, 0.0111, 0.0083, 0.0128]), 'batchNorm4.num_batches_tracked': tensor(300)})
